28;1457;1197;15
1457;28;1198;15
28;1458;1197;3
1458;28;1198;3
28;1328;1197;1
1328;28;1198;1
28;46;1197;1
46;28;1198;1
28;1461;1197;2
1461;28;1198;2
28;1460;1197;2
1460;28;1198;2
28;1329;1197;3
1329;28;1198;3
28;1462;1197;2
1462;28;1198;2
28;1366;1197;1
1366;28;1198;1
28;1464;1197;5
1464;28;1198;5
28;1459;1197;2
1459;28;1198;2
28;49;1197;3
49;28;1198;3
28;1456;1197;2
1456;28;1198;2
28;1465;1197;1
1465;28;1198;1
28;1463;1197;2
1463;28;1198;2
28;1466;1197;1
1466;28;1198;1
34;41;1195;2
41;34;1196;2
34;44;1197;1
44;34;1198;1
34;1345;1197;1
1345;34;1198;1
34;1429;1197;1
1429;34;1198;1
34;10;1197;1
10;34;1198;1
34;51;1197;2
51;34;1198;2
34;13;1195;1
13;34;1196;1
34;46;1197;2
46;34;1198;2
34;10;1195;3
10;34;1196;3
34;42;1195;2
42;34;1196;2
34;36;1197;2
36;34;1198;2
34;43;1197;1
43;34;1198;1
34;1442;1195;1
1442;34;1196;1
34;1439;1195;1
1439;34;1196;1
34;1453;1197;1
1453;34;1198;1
34;45;1197;1
45;34;1198;1
34;34;1149;2
34;34;1150;2
37;48;1197;72
48;37;1198;72
37;43;1197;3
43;37;1198;3
37;47;1197;2
47;37;1198;2
37;49;1197;70
49;37;1198;70
37;46;1197;74
46;37;1198;74
37;1328;1197;5
1328;37;1198;5
37;1330;1197;4
1330;37;1198;4
37;51;1197;10
51;37;1198;10
37;50;1197;2
50;37;1198;2
37;1448;1197;1
1448;37;1198;1
37;38;1195;1
38;37;1196;1
37;1329;1197;1
1329;37;1198;1
37;13;1195;1
13;37;1196;1
37;1350;1197;1
1350;37;1198;1
37;3246;1195;1
3246;37;1196;1
37;36;1195;1
36;37;1196;1
37;2278;1197;1
2278;37;1198;1
37;42;1195;1
42;37;1196;1
37;2624;1195;1
2624;37;1196;1
37;2036;1195;1
2036;37;1196;1
37;35;1195;1
35;37;1196;1
37;39;1149;6
39;37;1150;6
37;37;1149;5
37;37;1150;5
39;42;1195;9
42;39;1196;9
39;13;1195;4
13;39;1196;4
39;51;1197;6
51;39;1198;6
39;1306;1197;1
1306;39;1198;1
39;2268;1195;1
2268;39;1196;1
39;1285;1197;1
1285;39;1198;1
39;1306;1195;1
1306;39;1196;1
39;41;1195;3
41;39;1196;3
39;39;1149;3
39;39;1150;3
52;15;1197;1
15;52;1198;1
52;1145;1197;1
1145;52;1198;1
57;708;1197;1
708;57;1198;1
57;1158;1197;1
1158;57;1198;1
57;1116;1197;4
1116;57;1198;4
57;1148;1197;12
1148;57;1198;12
57;1146;1197;1
1146;57;1198;1
57;59;1195;3
59;57;1196;3
57;58;1197;4
58;57;1198;4
57;1232;1197;1
1232;57;1198;1
57;1112;1197;1
1112;57;1198;1
57;1147;1195;1
1147;57;1196;1
57;21;1195;5
21;57;1196;5
57;1145;1197;3
1145;57;1198;3
57;1234;1197;1
1234;57;1198;1
57;13;1195;1
13;57;1196;1
57;1154;1195;1
1154;57;1196;1
57;58;1195;3
58;57;1196;3
57;1118;1195;1
1118;57;1196;1
57;1116;1195;1
1116;57;1196;1
57;1117;1195;1
1117;57;1196;1
57;1226;1197;1
1226;57;1198;1
57;1164;1195;1
1164;57;1196;1
57;1228;1197;1
1228;57;1198;1
57;1249;1197;1
1249;57;1198;1
57;1233;1197;1
1233;57;1198;1
57;19;1195;1
19;57;1196;1
57;18;1195;1
18;57;1196;1
57;1160;1197;1
1160;57;1198;1
57;90;1197;1
90;57;1198;1
57;1231;1197;1
1231;57;1198;1
57;57;1149;5
57;57;1150;5
60;66;1197;20
66;60;1198;20
60;708;1197;13
708;60;1198;13
60;482;1197;1
482;60;1198;1
60;68;1197;57
68;60;1198;57
60;713;1197;1
713;60;1198;1
60;761;1197;1
761;60;1198;1
60;758;1197;2
758;60;1198;2
60;64;1197;7
64;60;1198;7
60;705;1197;2
705;60;1198;2
60;280;1197;2
280;60;1198;2
60;764;1197;3
764;60;1198;3
60;704;1197;2
704;60;1198;2
60;281;1197;2
281;60;1198;2
60;649;1197;1
649;60;1198;1
60;729;1197;1
729;60;1198;1
60;720;1197;5
720;60;1198;5
60;87;1197;1
87;60;1198;1
60;719;1197;7
719;60;1198;7
60;63;1197;6
63;60;1198;6
60;481;1197;1
481;60;1198;1
60;754;1197;10
754;60;1198;10
60;273;1197;1
273;60;1198;1
60;424;1197;1
424;60;1198;1
60;768;1197;1
768;60;1198;1
60;10;1197;1
10;60;1198;1
60;573;1197;1
573;60;1198;1
60;767;1197;4
767;60;1198;4
60;728;1197;1
728;60;1198;1
60;287;1197;1
287;60;1198;1
60;88;1197;1
88;60;1198;1
60;662;1197;1
662;60;1198;1
60;711;1197;1
711;60;1198;1
60;14;1195;1
14;60;1196;1
60;23;1195;2
23;60;1196;2
60;479;1197;1
479;60;1198;1
60;72;1197;2
72;60;1198;2
60;663;1197;1
663;60;1198;1
60;810;1197;1
810;60;1198;1
60;710;1197;1
710;60;1198;1
60;727;1197;1
727;60;1198;1
60;274;1197;1
274;60;1198;1
60;706;1197;1
706;60;1198;1
60;703;1197;1
703;60;1198;1
60;272;1197;1
272;60;1198;1
60;722;1197;1
722;60;1198;1
1042;10;1197;1
10;1042;1198;1
1113;1112;1197;1
1112;1113;1198;1
1113;13;1195;1
13;1113;1196;1
1113;1116;1197;1
1116;1113;1198;1
1113;1115;1197;1
1115;1113;1198;1
1113;14;1195;2
14;1113;1196;2
1113;1119;1197;1
1119;1113;1198;1
1113;1122;1197;1
1122;1113;1198;1
1307;1116;1195;1
1116;1307;1196;1
1307;1174;1195;1
1174;1307;1196;1
1307;1173;1195;1
1173;1307;1196;1
1307;1175;1195;1
1175;1307;1196;1
1307;13;1195;1
13;1307;1196;1
1313;13;1195;1
13;1313;1196;1
1318;2625;1195;1
2625;1318;1196;1
1318;58;1197;3
58;1318;1198;3
1318;708;1197;2
708;1318;1198;2
1318;103;1197;1
103;1318;1198;1
1318;87;1197;1
87;1318;1198;1
1374;720;1197;47
720;1374;1198;47
1374;708;1197;157
708;1374;1198;157
1374;280;1197;10
280;1374;1198;10
1374;1228;1197;5
1228;1374;1198;5
1374;97;1197;28
97;1374;1198;28
1374;754;1197;72
754;1374;1198;72
1374;1269;1197;25
1269;1374;1198;25
1374;58;1197;112
58;1374;1198;112
1374;109;1197;8
109;1374;1198;8
1374;87;1197;75
87;1374;1198;75
1374;272;1197;28
272;1374;1198;28
1374;758;1197;29
758;1374;1198;29
1374;215;1197;70
215;1374;1198;70
1374;1190;1197;14
1190;1374;1198;14
1374;225;1197;2
225;1374;1198;2
1374;719;1197;34
719;1374;1198;34
1374;126;1197;4
126;1374;1198;4
1374;88;1197;22
88;1374;1198;22
1374;89;1197;52
89;1374;1198;52
1374;1165;1197;20
1165;1374;1198;20
1374;71;1197;38
71;1374;1198;38
1374;129;1197;24
129;1374;1198;24
1374;234;1197;10
234;1374;1198;10
1374;1241;1197;6
1241;1374;1198;6
1374;1320;1197;3
1320;1374;1198;3
1374;576;1197;34
576;1374;1198;34
1374;479;1197;10
479;1374;1198;10
1374;125;1197;20
125;1374;1198;20
1374;199;1197;2
199;1374;1198;2
1374;1148;1197;6
1148;1374;1198;6
1374;638;1197;5
638;1374;1198;5
1374;634;1197;6
634;1374;1198;6
1374;577;1197;6
577;1374;1198;6
1374;578;1197;2
578;1374;1198;2
1374;118;1197;1
118;1374;1198;1
1374;231;1197;2
231;1374;1198;2
1374;622;1197;2
622;1374;1198;2
1374;1133;1197;14
1133;1374;1198;14
1374;1145;1197;15
1145;1374;1198;15
1374;115;1197;2
115;1374;1198;2
1374;1149;1197;2
1149;1374;1198;2
1374;738;1197;2
738;1374;1198;2
1374;90;1197;5
90;1374;1198;5
1374;1189;1197;4
1189;1374;1198;4
1374;739;1197;2
739;1374;1198;2
1374;623;1197;8
623;1374;1198;8
1374;1202;1197;5
1202;1374;1198;5
1374;1268;1197;4
1268;1374;1198;4
1374;1176;1197;9
1176;1374;1198;9
1374;108;1197;2
108;1374;1198;2
1374;106;1197;4
106;1374;1198;4
1374;1181;1197;2
1181;1374;1198;2
1374;117;1197;2
117;1374;1198;2
1374;110;1197;2
110;1374;1198;2
1374;745;1197;10
745;1374;1198;10
1374;94;1197;8
94;1374;1198;8
1374;2625;1197;3
2625;1374;1198;3
1374;665;1197;2
665;1374;1198;2
1374;2625;1195;1
2625;1374;1196;1
1374;93;1197;2
93;1374;1198;2
1374;1225;1197;3
1225;1374;1198;3
1374;1191;1197;6
1191;1374;1198;6
1374;105;1197;2
105;1374;1198;2
1374;579;1197;5
579;1374;1198;5
1374;1201;1197;4
1201;1374;1198;4
1374;1161;1197;1
1161;1374;1198;1
1374;226;1197;2
226;1374;1198;2
1374;70;1197;2
70;1374;1198;2
1374;123;1197;2
123;1374;1198;2
1374;1320;1195;1
1320;1374;1196;1
1374;1162;1197;1
1162;1374;1198;1
1374;116;1197;3
116;1374;1198;3
1382;104;1197;28
104;1382;1198;28
1382;708;1197;200
708;1382;1198;200
1382;720;1197;44
720;1382;1198;44
1382;89;1197;72
89;1382;1198;72
1382;1133;1197;4
1133;1382;1198;4
1382;87;1197;125
87;1382;1198;125
1382;1194;1197;8
1194;1382;1198;8
1382;1320;1195;1
1320;1382;1196;1
1382;58;1197;178
58;1382;1198;178
1382;1154;1195;12
1154;1382;1196;12
1382;576;1197;21
576;1382;1198;21
1382;754;1197;50
754;1382;1198;50
1382;724;1197;6
724;1382;1198;6
1382;1165;1197;8
1165;1382;1198;8
1382;215;1197;81
215;1382;1198;81
1382;109;1197;19
109;1382;1198;19
1382;1205;1197;2
1205;1382;1198;2
1382;282;1197;8
282;1382;1198;8
1382;1269;1197;18
1269;1382;1198;18
1382;623;1197;4
623;1382;1198;4
1382;278;1197;11
278;1382;1198;11
1382;758;1197;17
758;1382;1198;17
1382;277;1197;22
277;1382;1198;22
1382;199;1197;10
199;1382;1198;10
1382;74;1197;6
74;1382;1198;6
1382;1179;1197;12
1179;1382;1198;12
1382;280;1197;59
280;1382;1198;59
1382;71;1197;2
71;1382;1198;2
1382;1148;1197;21
1148;1382;1198;21
1382;573;1197;4
573;1382;1198;4
1382;88;1197;35
88;1382;1198;35
1382;94;1197;4
94;1382;1198;4
1382;103;1197;16
103;1382;1198;16
1382;577;1197;18
577;1382;1198;18
1382;1157;1197;3
1157;1382;1198;3
1382;481;1197;20
481;1382;1198;20
1382;1207;1197;2
1207;1382;1198;2
1382;1206;1197;6
1206;1382;1198;6
1382;1180;1197;10
1180;1382;1198;10
1382;1193;1197;4
1193;1382;1198;4
1382;116;1197;3
116;1382;1198;3
1382;110;1197;16
110;1382;1198;16
1382;268;1197;10
268;1382;1198;10
1382;719;1197;10
719;1382;1198;10
1382;135;1197;2
135;1382;1198;2
1382;145;1197;4
145;1382;1198;4
1382;1386;1197;1
1386;1382;1198;1
1382;1145;1197;4
1145;1382;1198;4
1382;90;1197;10
90;1382;1198;10
1382;1268;1197;10
1268;1382;1198;10
1382;622;1197;2
622;1382;1198;2
1382;1197;1197;2
1197;1382;1198;2
1382;1196;1197;2
1196;1382;1198;2
1382;2291;1195;1
2291;1382;1196;1
1382;578;1197;2
578;1382;1198;2
1382;272;1197;2
272;1382;1198;2
1382;579;1197;3
579;1382;1198;3
1382;479;1197;6
479;1382;1198;6
1382;637;1197;2
637;1382;1198;2
1382;161;1197;2
161;1382;1198;2
1382;1220;1197;2
1220;1382;1198;2
1382;1279;1197;1
1279;1382;1198;1
1382;1195;1197;2
1195;1382;1198;2
1382;1153;1197;3
1153;1382;1198;3
1382;97;1197;2
97;1382;1198;2
1382;1150;1197;3
1150;1382;1198;3
1382;93;1197;2
93;1382;1198;2
1382;129;1197;1
129;1382;1198;1
1382;1321;1195;1
1321;1382;1196;1
1382;1250;1197;2
1250;1382;1198;2
1382;1200;1197;2
1200;1382;1198;2
1382;638;1197;3
638;1382;1198;3
1382;127;1197;1
127;1382;1198;1
1382;21;1195;1
21;1382;1196;1
1382;2625;1195;1
2625;1382;1196;1
1382;768;1197;2
768;1382;1198;2
1382;112;1197;2
112;1382;1198;2
1382;14;1195;1
14;1382;1196;1
1382;265;1197;1
265;1382;1198;1
1382;1115;1197;1
1115;1382;1198;1
1382;2297;1195;1
2297;1382;1196;1
1382;1191;1197;1
1191;1382;1198;1
1382;1382;1149;3
1382;1382;1150;3
1382;57;1149;3
57;1382;1150;3
1382;1113;1149;1
1113;1382;1150;1
2240;2070;1161;180
2070;2240;1162;180
2240;39;1129;24
39;2240;1130;24
2240;2239;1121;7
2239;2240;1122;7
2240;2070;1167;59
2070;2240;1168;59
2240;37;1161;62
37;2240;1162;62
2240;2238;1121;5
2238;2240;1122;5
2240;2070;1163;1
2070;2240;1164;1
2240;3282;1121;1
3282;2240;1122;1
2240;2069;1143;5
2069;2240;1144;5
2240;3236;1121;1
3236;2240;1122;1
2240;3234;1121;1
3234;2240;1122;1
2240;2069;1161;1
2069;2240;1162;1
2240;2250;1121;1
2250;2240;1122;1
2240;2069;1125;1
2069;2240;1126;1
2240;2069;1129;2
2069;2240;1130;2
2240;2251;1121;1
2251;2240;1122;1
2240;3248;1125;4
3248;2240;1126;4
2240;37;1167;14
37;2240;1168;14
2240;2061;1121;9
2061;2240;1122;9
2240;2031;1121;1
2031;2240;1122;1
2240;37;1129;1
37;2240;1130;1
2240;2070;1129;1
2070;2240;1130;1
2241;37;1167;1
37;2241;1168;1
2241;37;1161;21
37;2241;1162;21
2241;39;1129;5
39;2241;1130;5
2241;2070;1161;9
2070;2241;1162;9
2241;37;1129;1
37;2241;1130;1
3138;3012;1143;97
3012;3138;1144;97
3138;3012;1161;182
3012;3138;1162;182
3138;37;1167;53
37;3138;1168;53
3138;37;1161;31
37;3138;1162;31
3138;2031;1121;4
2031;3138;1122;4
3138;3012;1167;126
3012;3138;1168;126
3138;2061;1121;12
2061;3138;1122;12
3138;3137;1121;1
3137;3138;1122;1
3138;3008;1161;53
3008;3138;1162;53
3138;3114;1121;1
3114;3138;1122;1
3138;3008;1129;5
3008;3138;1130;5
3138;3152;1121;3
3152;3138;1122;3
3138;3008;1143;3
3008;3138;1144;3
3138;3263;1121;2
3263;3138;1122;2
3138;3136;1121;1
3136;3138;1122;1
3138;3012;1129;2
3012;3138;1130;2
3138;37;1129;1
37;3138;1130;1
3139;37;1167;1
37;3139;1168;1
3139;37;1161;8
37;3139;1162;8
3139;39;1129;2
39;3139;1130;2
3139;3012;1161;2
3012;3139;1162;2
3139;37;1129;2
37;3139;1130;2
3139;3012;1129;2
3012;3139;1130;2
2229;2070;1167;15
2070;2229;1168;15
2229;37;1167;5
37;2229;1168;5
2229;2070;1161;26
2070;2229;1162;26
2229;2246;1121;2
2246;2229;1122;2
2229;2070;1129;2
2070;2229;1130;2
2229;37;1161;5
37;2229;1162;5
2229;39;1129;5
39;2229;1130;5
2229;2070;1163;1
2070;2229;1164;1
2229;3282;1121;1
3282;2229;1122;1
2229;2031;1121;1
2031;2229;1122;1
2229;37;1129;1
37;2229;1130;1
2242;2070;1167;11
2070;2242;1168;11
2242;2070;1161;32
2070;2242;1162;32
2242;34;1129;9
34;2242;1130;9
2242;39;1129;14
39;2242;1130;14
2242;2070;1129;19
2070;2242;1130;19
2242;3263;1121;6
3263;2242;1122;6
2242;2241;1121;1
2241;2242;1122;1
2242;37;1161;12
37;2242;1162;12
2242;37;1167;1
37;2242;1168;1
2242;37;1129;5
37;2242;1130;5
2231;37;1129;1
37;2231;1130;1
2231;2230;1121;1
2230;2231;1122;1
2231;2244;1121;1
2244;2231;1122;1
2231;37;1161;1
37;2231;1162;1
2235;2070;1167;6
2070;2235;1168;6
2235;2069;1161;6
2069;2235;1162;6
2235;2069;1125;6
2069;2235;1126;6
2235;2240;1121;1
2240;2235;1122;1
2235;2070;1161;4
2070;2235;1162;4
2235;37;1161;3
37;2235;1162;3
2235;37;1129;1
37;2235;1130;1
2235;2070;1129;1
2070;2235;1130;1
2235;2069;1129;1
2069;2235;1130;1
2236;2070;1167;4
2070;2236;1168;4
2236;37;1129;1
37;2236;1130;1
2236;2070;1129;1
2070;2236;1130;1
2236;37;1161;2
37;2236;1162;2
2237;2070;1161;10
2070;2237;1162;10
2237;37;1161;7
37;2237;1162;7
2237;2070;1129;1
2070;2237;1130;1
2237;39;1129;5
39;2237;1130;5
2237;37;1129;1
37;2237;1130;1
2233;37;1161;3
37;2233;1162;3
2233;2070;1161;2
2070;2233;1162;2
2233;37;1129;1
37;2233;1130;1
2234;3235;1121;1
3235;2234;1122;1
2234;2070;1167;2
2070;2234;1168;2
2234;2070;1161;4
2070;2234;1162;4
2234;34;1129;1
34;2234;1130;1
2234;39;1129;1
39;2234;1130;1
2234;37;1129;1
37;2234;1130;1
2234;2070;1129;1
2070;2234;1130;1
2234;37;1161;2
37;2234;1162;2
2232;2070;1161;1
2070;2232;1162;1
2232;37;1161;3
37;2232;1162;3
2232;2070;1167;1
2070;2232;1168;1
2232;37;1129;2
37;2232;1130;2
3141;3012;1167;2
3012;3141;1168;2
3141;3012;1143;3
3012;3141;1144;3
3141;2031;1121;2
2031;3141;1122;2
3141;3012;1161;4
3012;3141;1162;4
3141;3137;1121;1
3137;3141;1122;1
3141;37;1161;2
37;3141;1162;2
3141;3012;1129;2
3012;3141;1130;2
3141;37;1129;1
37;3141;1130;1
3141;39;1129;2
39;3141;1130;2
3140;3012;1161;10
3012;3140;1162;10
3140;3263;1121;2
3263;3140;1122;2
3140;37;1161;2
37;3140;1162;2
3140;3012;1129;2
3012;3140;1130;2
3140;37;1129;1
37;3140;1130;1
3140;39;1129;2
39;3140;1130;2
3144;3012;1143;3
3012;3144;1144;3
3144;3131;1121;1
3131;3144;1122;1
3144;37;1167;5
37;3144;1168;5
3144;3012;1167;7
3012;3144;1168;7
3144;3012;1161;9
3012;3144;1162;9
3144;37;1161;7
37;3144;1162;7
3144;3143;1121;2
3143;3144;1122;2
3144;3012;1129;2
3012;3144;1130;2
3144;37;1129;1
37;3144;1130;1
3146;37;1167;1
37;3146;1168;1
3146;3248;1129;1
3248;3146;1130;1
3146;2070;1129;1
2070;3146;1130;1
3146;37;1129;8
37;3146;1130;8
3146;3012;1161;17
3012;3146;1162;17
3146;3263;1121;3
3263;3146;1122;3
3146;3012;1167;4
3012;3146;1168;4
3146;39;1129;5
39;3146;1130;5
3146;3012;1129;6
3012;3146;1130;6
3146;37;1161;10
37;3146;1162;10
3131;3130;1121;1
3130;3131;1122;1
3131;3012;1129;2
3012;3131;1130;2
3131;3012;1167;3
3012;3131;1168;3
3131;37;1129;1
37;3131;1130;1
3131;37;1161;2
37;3131;1162;2
3132;3012;1167;3
3012;3132;1168;3
3132;3131;1121;1
3131;3132;1122;1
3132;37;1161;4
37;3132;1162;4
3132;3012;1161;3
3012;3132;1162;3
3132;39;1129;1
39;3132;1130;1
3132;3012;1129;2
3012;3132;1130;2
3132;37;1129;1
37;3132;1130;1
3135;3012;1167;4
3012;3135;1168;4
3135;3012;1161;2
3012;3135;1162;2
3135;3012;1129;2
3012;3135;1130;2
3135;37;1129;1
37;3135;1130;1
3135;37;1161;2
37;3135;1162;2
3148;3012;1161;6
3012;3148;1162;6
3148;3012;1143;2
3012;3148;1144;2
3148;3012;1129;2
3012;3148;1130;2
3148;37;1129;1
37;3148;1130;1
3148;37;1161;2
37;3148;1162;2
3142;37;1167;1
37;3142;1168;1
3142;37;1161;2
37;3142;1162;2
3142;3012;1129;2
3012;3142;1130;2
3142;3012;1161;1
3012;3142;1162;1
3142;3012;1167;1
3012;3142;1168;1
3142;37;1129;2
37;3142;1130;2
3109;37;1167;19
37;3109;1168;19
3109;3012;1161;94
3012;3109;1162;94
3109;3012;1143;28
3012;3109;1144;28
3109;3012;1167;56
3012;3109;1168;56
3109;3008;1161;49
3008;3109;1162;49
3109;37;1161;8
37;3109;1162;8
3109;3114;1121;1
3114;3109;1122;1
3109;3152;1121;3
3152;3109;1122;3
3109;3008;1143;3
3008;3109;1144;3
3109;3008;1129;5
3008;3109;1130;5
3109;3263;1121;1
3263;3109;1122;1
3109;3108;1121;1
3108;3109;1122;1
3109;3012;1129;2
3012;3109;1130;2
3109;37;1129;3
37;3109;1130;3
3110;37;1167;1
37;3110;1168;1
3110;37;1161;5
37;3110;1162;5
3110;39;1129;1
39;3110;1130;1
3110;37;1129;2
37;3110;1130;2
3254;39;1129;9
39;3254;1130;9
2040;2039;1121;1
2039;2040;1122;1
2040;39;1129;4
39;2040;1130;4
2039;2241;1121;2
2241;2039;1122;2
2039;37;1129;7
37;2039;1130;7
2039;2240;1121;1
2240;2039;1122;1
2039;37;1161;2
37;2039;1162;2
2039;39;1129;9
39;2039;1130;9
2039;2227;1121;1
2227;2039;1122;1
2039;37;1167;7
37;2039;1168;7
2041;39;1129;3
39;2041;1130;3
3247;37;1161;4
37;3247;1162;4
3247;3139;1121;2
3139;3247;1122;2
3247;37;1129;7
37;3247;1130;7
3247;3138;1121;1
3138;3247;1122;1
3247;3134;1121;1
3134;3247;1122;1
3247;39;1129;9
39;3247;1130;9
3247;37;1167;6
37;3247;1168;6
2958;3269;1121;1
3269;2958;1122;1
2958;2955;1121;1
2955;2958;1122;1
2958;3296;1121;1
3296;2958;1122;1
2958;37;1129;3
37;2958;1130;3
2958;3295;1121;1
3295;2958;1122;1
2960;2623;1161;3
2623;2960;1162;3
2960;2623;1167;1
2623;2960;1168;1
2960;37;1129;1
37;2960;1130;1
2960;2623;1129;2
2623;2960;1130;2
3005;2623;1161;9
2623;3005;1162;9
3005;2235;1121;1
2235;3005;1122;1
3005;2623;1167;3
2623;3005;1168;3
3005;37;1161;1
37;3005;1162;1
3005;2997;1121;1
2997;3005;1122;1
3005;2998;1121;1
2998;3005;1122;1
3005;37;1129;2
37;3005;1130;2
3005;2623;1129;2
2623;3005;1130;2
2985;2623;1161;19
2623;2985;1162;19
2985;37;1167;6
37;2985;1168;6
2985;2982;1121;1
2982;2985;1122;1
2985;37;1161;6
37;2985;1162;6
2985;2983;1121;1
2983;2985;1122;1
2985;2979;1121;1
2979;2985;1122;1
2985;2623;1167;2
2623;2985;1168;2
2985;3263;1121;1
3263;2985;1122;1
2985;2984;1121;1
2984;2985;1122;1
2985;2971;1121;1
2971;2985;1122;1
2985;2623;1129;2
2623;2985;1130;2
2985;37;1129;2
37;2985;1130;2
2985;39;1129;1
39;2985;1130;1
2999;2997;1121;3
2997;2999;1122;3
2999;37;1167;6
37;2999;1168;6
2999;39;1129;2
39;2999;1130;2
2999;2623;1161;13
2623;2999;1162;13
2999;37;1161;4
37;2999;1162;4
2999;3263;1121;1
3263;2999;1122;1
2999;2623;1167;1
2623;2999;1168;1
2999;2998;1121;1
2998;2999;1122;1
2999;2971;1121;1
2971;2999;1122;1
2999;2996;1121;1
2996;2999;1122;1
2999;2623;1129;2
2623;2999;1130;2
2999;37;1129;2
37;2999;1130;2
3003;37;1129;1
37;3003;1130;1
3003;1113;1129;1
1113;3003;1130;1
3003;3002;1121;1
3002;3003;1122;1
3001;37;1129;1
37;3001;1130;1
3001;3259;1121;1
3259;3001;1122;1
3001;2999;1121;1
2999;3001;1122;1
2989;2623;1161;15
2623;2989;1162;15
2989;37;1167;3
37;2989;1168;3
2989;37;1161;7
37;2989;1162;7
2989;3263;1121;1
3263;2989;1122;1
2989;3279;1121;1
3279;2989;1122;1
2989;2983;1121;1
2983;2989;1122;1
2989;2623;1167;2
2623;2989;1168;2
2989;2984;1121;1
2984;2989;1122;1
2989;37;1129;1
37;2989;1130;1
2989;2623;1129;2
2623;2989;1130;2
3000;2623;1161;12
2623;3000;1162;12
3000;37;1167;3
37;3000;1168;3
3000;2999;1121;1
2999;3000;1122;1
3000;37;1161;5
37;3000;1162;5
3000;2623;1167;1
2623;3000;1168;1
3000;2998;1121;1
2998;3000;1122;1
3000;37;1129;2
37;3000;1130;2
3000;2623;1129;2
2623;3000;1130;2
2986;2985;1121;1
2985;2986;1122;1
2986;2623;1161;10
2623;2986;1162;10
2986;37;1161;5
37;2986;1162;5
2986;37;1167;2
37;2986;1168;2
2986;37;1129;1
37;2986;1130;1
2986;2623;1129;2
2623;2986;1130;2
2988;2623;1161;30
2623;2988;1162;30
2988;37;1167;7
37;2988;1168;7
2988;2623;1167;3
2623;2988;1168;3
2988;37;1161;10
37;2988;1162;10
2988;2971;1121;1
2971;2988;1122;1
2988;2984;1121;1
2984;2988;1122;1
2988;37;1129;1
37;2988;1130;1
2988;2623;1129;2
2623;2988;1130;2
3004;2623;1161;5
2623;3004;1162;5
3004;2997;1121;1
2997;3004;1122;1
3004;2623;1167;1
2623;3004;1168;1
3004;2998;1121;1
2998;3004;1122;1
3004;37;1129;1
37;3004;1130;1
3004;2623;1129;2
2623;3004;1130;2
2961;2623;1161;5
2623;2961;1162;5
2961;2954;1121;1
2954;2961;1122;1
2961;3266;1121;1
3266;2961;1122;1
2961;37;1129;1
37;2961;1130;1
2961;2623;1129;2
2623;2961;1130;2
2968;2623;1161;4
2623;2968;1162;4
2968;37;1129;1
37;2968;1130;1
2968;2623;1129;2
2623;2968;1130;2
2990;2623;1161;4
2623;2990;1162;4
2990;37;1161;1
37;2990;1162;1
2990;2981;1121;1
2981;2990;1122;1
2990;37;1129;1
37;2990;1130;1
2990;2623;1129;2
2623;2990;1130;2
2949;2991;1121;1
2991;2949;1122;1
2949;3006;1121;1
3006;2949;1122;1
2949;37;1129;1
37;2949;1130;1
2949;2623;1129;2
2623;2949;1130;2
2949;2623;1161;1
2623;2949;1162;1
2991;2623;1161;8
2623;2991;1162;8
2991;3296;1121;4
3296;2991;1122;4
2991;2971;1121;1
2971;2991;1122;1
2991;3290;1121;1
3290;2991;1122;1
2991;3139;1121;1
3139;2991;1122;1
2991;37;1129;1
37;2991;1130;1
2991;2623;1129;2
2623;2991;1130;2
3006;3296;1121;4
3296;3006;1122;4
3006;2623;1161;12
2623;3006;1162;12
3006;3290;1121;1
3290;3006;1122;1
3006;2971;1121;1
2971;3006;1122;1
3006;2241;1121;1
2241;3006;1122;1
3006;2997;1121;1
2997;3006;1122;1
3006;2623;1167;1
2623;3006;1168;1
3006;2998;1121;1
2998;3006;1122;1
3006;37;1129;1
37;3006;1130;1
3006;2623;1129;2
2623;3006;1130;2
2969;2623;1161;6
2623;2969;1162;6
2969;37;1129;1
37;2969;1130;1
2969;2623;1129;2
2623;2969;1130;2
2970;2971;1121;1
2971;2970;1122;1
2970;2623;1161;3
2623;2970;1162;3
2970;2623;1167;2
2623;2970;1168;2
2970;37;1129;1
37;2970;1130;1
2970;2623;1129;2
2623;2970;1130;2
2031;39;1129;5
39;2031;1130;5
2061;2046;1125;9
2046;2061;1126;9
2061;2062;1121;1
2062;2061;1122;1
2061;2063;1121;1
2063;2061;1122;1
2061;39;1129;2
39;2061;1130;2
2061;57;1129;2
57;2061;1130;2
2227;37;1129;1
37;2227;1130;1
2227;2228;1121;1
2228;2227;1122;1
3134;37;1129;1
37;3134;1130;1
3134;3133;1121;1
3133;3134;1122;1
2228;2231;1121;1
2231;2228;1122;1
2228;2070;1167;23
2070;2228;1168;23
2228;39;1129;5
39;2228;1130;5
2228;2070;1161;17
2070;2228;1162;17
2228;34;1129;12
34;2228;1130;12
2228;37;1167;6
37;2228;1168;6
2228;3248;1125;1
3248;2228;1126;1
2228;2241;1121;1
2241;2228;1122;1
2228;37;1161;12
37;2228;1162;12
2228;2070;1129;11
2070;2228;1130;11
2228;3257;1123;1
3257;2228;1124;1
2228;37;1129;6
37;2228;1130;6
2228;3256;1123;1
3256;2228;1124;1
3133;37;1161;6
37;3133;1162;6
3133;39;1129;2
39;3133;1130;2
3133;37;1167;6
37;3133;1168;6
3133;3248;1129;1
3248;3133;1130;1
3133;2070;1129;1
2070;3133;1130;1
3133;37;1129;7
37;3133;1130;7
3133;3012;1167;1
3012;3133;1168;1
3133;3132;1121;1
3132;3133;1122;1
3133;3012;1129;3
3012;3133;1130;3
3133;3257;1123;1
3257;3133;1124;1
3133;3256;1123;1
3256;3133;1124;1
3107;3012;1167;6
3012;3107;1168;6
3107;37;1167;5
37;3107;1168;5
3107;3248;1129;1
3248;3107;1130;1
3107;2070;1129;1
2070;3107;1130;1
3107;37;1129;7
37;3107;1130;7
3107;37;1161;4
37;3107;1162;4
3107;3012;1129;3
3012;3107;1130;3
3107;3257;1123;1
3257;3107;1124;1
3107;3256;1123;1
3256;3107;1124;1
3107;39;1129;1
39;3107;1130;1
2987;37;1129;1
37;2987;1130;1
2987;2986;1121;1
2986;2987;1122;1
2956;37;1129;2
37;2956;1130;2
2956;2955;1121;1
2955;2956;1122;1
2963;37;1129;1
37;2963;1130;1
2963;2962;1121;1
2962;2963;1122;1
2965;37;1129;1
37;2965;1130;1
2965;2964;1121;1
2964;2965;1122;1
2967;37;1129;1
37;2967;1130;1
2967;2966;1121;1
2966;2967;1122;1
2033;2032;1121;1
2032;2033;1122;1
2033;39;1129;4
39;2033;1130;4
2067;2066;1121;1
2066;2067;1122;1
2067;39;1129;4
39;2067;1130;4
3255;3248;1125;1
3248;3255;1126;1
3145;3012;1129;2
3012;3145;1130;2
3145;3012;1161;2
3012;3145;1162;2
3145;3012;1143;1
3012;3145;1144;1
3145;37;1129;1
37;3145;1130;1
3145;37;1161;2
37;3145;1162;2
2060;39;1129;2
39;2060;1130;2
2060;2046;1125;1
2046;2060;1126;1
3147;3012;1129;2
3012;3147;1130;2
3147;3012;1167;2
3012;3147;1168;2
3147;37;1129;1
37;3147;1130;1
3147;37;1161;2
37;3147;1162;2
3130;3012;1167;13
3012;3130;1168;13
3130;3012;1161;3
3012;3130;1162;3
3130;3012;1143;1
3012;3130;1144;1
3130;37;1167;4
37;3130;1168;4
3130;3012;1129;2
3012;3130;1130;2
3130;37;1129;1
37;3130;1130;1
3130;37;1161;2
37;3130;1162;2
2230;2031;1121;1
2031;2230;1122;1
2230;2070;1167;5
2070;2230;1168;5
2230;3224;1121;1
3224;2230;1122;1
2230;2070;1161;5
2070;2230;1162;5
2230;37;1167;5
37;2230;1168;5
2230;2061;1121;1
2061;2230;1122;1
2230;2070;1129;2
2070;2230;1130;2
2230;37;1161;4
37;2230;1162;4
2230;37;1129;3
37;2230;1130;3
2959;37;1129;2
37;2959;1130;2
2959;57;1129;1
57;2959;1130;1
2959;2955;1121;1
2955;2959;1122;1
3002;2623;1161;12
2623;3002;1162;12
3002;37;1167;3
37;3002;1168;3
3002;3273;1121;1
3273;3002;1122;1
3002;2998;1121;1
2998;3002;1122;1
3002;37;1161;1
37;3002;1162;1
3002;2997;1121;1
2997;3002;1122;1
3002;2996;1121;1
2996;3002;1122;1
3002;2623;1167;1
2623;3002;1168;1
3002;2623;1129;2
2623;3002;1130;2
3002;37;1129;2
37;3002;1130;2
3002;1113;1129;1
1113;3002;1130;1
1677;57;1129;3
57;1677;1130;3
1677;3260;1121;1
3260;1677;1122;1
1743;3292;1121;1
3292;1743;1122;1
1743;57;1129;4
57;1743;1130;4
3256;39;1129;7
39;3256;1130;7
3256;3295;1121;1
3295;3256;1122;1
3256;3264;1121;1
3264;3256;1122;1
3257;39;1129;2
39;3257;1130;2
3257;3296;1121;1
3296;3257;1122;1
2032;39;1129;4
39;2032;1130;4
2031;39;1129;5
39;2031;1130;5
2032;39;1129;4
39;2032;1130;4
2033;2032;1121;1
2032;2033;1122;1
2033;39;1129;4
39;2033;1130;4
2034;2032;1121;1
2032;2034;1122;1
2034;39;1129;4
39;2034;1130;4
2035;49;1197;3
49;2035;1198;3
2035;1344;1197;1
1344;2035;1198;1
2035;1355;1197;1
1355;2035;1198;1
2035;1343;1197;2
1343;2035;1198;2
2035;1368;1197;1
1368;2035;1198;1
2035;1350;1197;2
1350;2035;1198;2
2035;43;1197;1
43;2035;1198;1
2035;1340;1197;1
1340;2035;1198;1
2039;2241;1121;2
2241;2039;1122;2
2039;37;1129;7
37;2039;1130;7
2039;2240;1121;1
2240;2039;1122;1
2039;37;1161;2
37;2039;1162;2
2039;39;1129;9
39;2039;1130;9
2039;2227;1121;1
2227;2039;1122;1
2039;37;1167;7
37;2039;1168;7
2040;2039;1121;1
2039;2040;1122;1
2040;39;1129;4
39;2040;1130;4
2041;39;1129;3
39;2041;1130;3
2042;46;1197;5
46;2042;1198;5
2042;2043;1197;10
2043;2042;1198;10
2042;2053;1197;4
2053;2042;1198;4
2042;51;1197;13
51;2042;1198;13
2042;2047;1197;2
2047;2042;1198;2
2042;1329;1197;3
1329;2042;1198;3
2042;49;1197;4
49;2042;1198;4
2042;1455;1197;2
1455;2042;1198;2
2042;2044;1195;3
2044;2042;1196;3
2042;2050;1197;1
2050;2042;1198;1
2042;2052;1197;1
2052;2042;1198;1
2042;2049;1197;2
2049;2042;1198;2
2042;2051;1197;2
2051;2042;1198;2
2042;1366;1197;1
1366;2042;1198;1
2042;1328;1197;1
1328;2042;1198;1
2042;2048;1197;1
2048;2042;1198;1
2042;1306;1195;1
1306;2042;1196;1
2046;2043;1197;1
2043;2046;1198;1
2046;51;1197;1
51;2046;1198;1
2046;2044;1195;1
2044;2046;1196;1
2046;2045;1197;1
2045;2046;1198;1
2046;39;1151;1
39;2046;1152;1
2062;2046;1125;38
2046;2062;1126;38
2062;39;1129;4
39;2062;1130;4
2062;57;1129;1
57;2062;1130;1
2063;2046;1125;38
2046;2063;1126;38
2063;39;1129;7
39;2063;1130;7
2063;57;1129;1
57;2063;1130;1
2065;2064;1121;1
2064;2065;1122;1
2066;2065;1121;4
2065;2066;1122;4
2066;2064;1121;2
2064;2066;1122;2
2066;39;1129;4
39;2066;1130;4
2060;39;1129;2
39;2060;1130;2
2060;2046;1125;1
2046;2060;1126;1
2061;2046;1125;9
2046;2061;1126;9
2061;2062;1121;1
2062;2061;1122;1
2061;2063;1121;1
2063;2061;1122;1
2061;39;1129;2
39;2061;1130;2
2061;57;1129;2
57;2061;1130;2
2062;2046;1125;38
2046;2062;1126;38
2062;39;1129;4
39;2062;1130;4
2062;57;1129;1
57;2062;1130;1
2063;2046;1125;38
2046;2063;1126;38
2063;39;1129;7
39;2063;1130;7
2063;57;1129;1
57;2063;1130;1
2065;2064;1121;1
2064;2065;1122;1
2066;2065;1121;4
2065;2066;1122;4
2066;2064;1121;2
2064;2066;1122;2
2066;39;1129;4
39;2066;1130;4
2067;2066;1121;1
2066;2067;1122;1
2067;39;1129;4
39;2067;1130;4
2068;2066;1121;1
2066;2068;1122;1
2068;39;1129;4
39;2068;1130;4
2069;45;1197;1
45;2069;1198;1
2069;2087;1197;6
2087;2069;1198;6
2069;2093;1197;34
2093;2069;1198;34
2069;1366;1197;45
1366;2069;1198;45
2069;1443;1197;9
1443;2069;1198;9
2069;44;1197;1
44;2069;1198;1
2069;2072;1195;6
2072;2069;1196;6
2069;1436;1197;33
1436;2069;1198;33
2069;1349;1197;5
1349;2069;1198;5
2069;1336;1197;7
1336;2069;1198;7
2069;1432;1197;1
1432;2069;1198;1
2069;2095;1197;6
2095;2069;1198;6
2069;46;1197;12
46;2069;1198;12
2069;1454;1197;4
1454;2069;1198;4
2069;1356;1197;1
1356;2069;1198;1
2069;2086;1197;7
2086;2069;1198;7
2069;49;1197;14
49;2069;1198;14
2069;2096;1197;4
2096;2069;1198;4
2069;1446;1197;13
1446;2069;1198;13
2069;1347;1197;17
1347;2069;1198;17
2069;2097;1197;3
2097;2069;1198;3
2069;1439;1197;1
1439;2069;1198;1
2069;2109;1197;16
2109;2069;1198;16
2069;1350;1197;5
1350;2069;1198;5
2069;1344;1197;2
1344;2069;1198;2
2069;1428;1197;23
1428;2069;1198;23
2069;1452;1197;10
1452;2069;1198;10
2069;1359;1197;2
1359;2069;1198;2
2069;2100;1197;8
2100;2069;1198;8
2069;2082;1197;3
2082;2069;1198;3
2069;2105;1197;4
2105;2069;1198;4
2069;1340;1197;8
1340;2069;1198;8
2069;1341;1197;3
1341;2069;1198;3
2069;2108;1197;2
2108;2069;1198;2
2069;2092;1197;1
2092;2069;1198;1
2069;2094;1197;5
2094;2069;1198;5
2069;2081;1197;4
2081;2069;1198;4
2069;2106;1197;3
2106;2069;1198;3
2069;2104;1197;5
2104;2069;1198;5
2069;1365;1197;3
1365;2069;1198;3
2069;2098;1197;5
2098;2069;1198;5
2069;1449;1197;5
1449;2069;1198;5
2069;1437;1197;8
1437;2069;1198;8
2069;2107;1197;3
2107;2069;1198;3
2069;43;1197;2
43;2069;1198;2
2069;2085;1197;4
2085;2069;1198;4
2069;1430;1197;4
1430;2069;1198;4
2069;1343;1197;16
1343;2069;1198;16
2069;1357;1197;4
1357;2069;1198;4
2069;2084;1197;4
2084;2069;1198;4
2069;1337;1197;1
1337;2069;1198;1
2069;51;1197;2
51;2069;1198;2
2069;2080;1197;2
2080;2069;1198;2
2069;1355;1197;2
1355;2069;1198;2
2069;1453;1197;1
1453;2069;1198;1
2069;2099;1197;3
2099;2069;1198;3
2069;1445;1197;3
1445;2069;1198;3
2069;1330;1197;1
1330;2069;1198;1
2069;2083;1197;4
2083;2069;1198;4
2069;2103;1197;1
2103;2069;1198;1
2069;2101;1197;2
2101;2069;1198;2
2069;1358;1197;1
1358;2069;1198;1
2069;1360;1197;1
1360;2069;1198;1
2069;1429;1197;1
1429;2069;1198;1
2069;1351;1197;1
1351;2069;1198;1
2069;1348;1197;1
1348;2069;1198;1
2069;1339;1197;1
1339;2069;1198;1
2069;1438;1197;1
1438;2069;1198;1
2069;1364;1197;1
1364;2069;1198;1
2069;2070;1149;1
2070;2069;1150;1
2069;2069;1149;2
2069;2069;1150;2
2069;2249;1145;6
2249;2069;1146;6
2069;2248;1145;3
2248;2069;1146;3
2069;2069;1151;2
2069;2069;1152;2
2069;2247;1145;1
2247;2069;1146;1
2070;46;1197;6
46;2070;1198;6
2070;51;1197;4
51;2070;1198;4
2070;2075;1197;3
2075;2070;1198;3
2070;36;1197;8
36;2070;1198;8
2070;42;1195;1
42;2070;1196;1
2070;2077;1197;1
2077;2070;1198;1
2070;3183;1197;1
3183;2070;1198;1
2070;2079;1197;1
2079;2070;1198;1
2070;2088;1197;3
2088;2070;1198;3
2070;2073;1197;1
2073;2070;1198;1
2070;2074;1197;2
2074;2070;1198;2
2070;2076;1197;1
2076;2070;1198;1
2070;1437;1197;2
1437;2070;1198;2
2070;1436;1197;1
1436;2070;1198;1
2070;2080;1197;2
2080;2070;1198;2
2070;2078;1197;1
2078;2070;1198;1
2070;2093;1197;1
2093;2070;1198;1
2070;2094;1197;1
2094;2070;1198;1
2070;2070;1149;4
2070;2070;1150;4
2070;2069;1149;1
2069;2070;1150;1
2070;34;1149;1
34;2070;1150;1
3224;2070;1167;8
2070;3224;1168;8
3224;3225;1121;1
3225;3224;1122;1
3224;2070;1161;9
2070;3224;1162;9
3224;3174;1141;3
3174;3224;1142;3
3224;2070;1129;1
2070;3224;1130;1
3224;3223;1121;1
3223;3224;1122;1
3238;2070;1161;22
2070;3238;1162;22
3238;2070;1167;5
2070;3238;1168;5
3238;3181;1125;6
3181;3238;1126;6
3238;34;1129;2
34;3238;1130;2
3238;2070;1129;1
2070;3238;1130;1
3237;2070;1161;34
2070;3237;1162;34
3237;2070;1129;7
2070;3237;1130;7
3237;3225;1121;1
3225;3237;1122;1
3237;3243;1121;1
3243;3237;1122;1
3237;3239;1121;2
3239;3237;1122;2
3237;3233;1121;1
3233;3237;1122;1
3237;2070;1167;14
2070;3237;1168;14
3237;34;1129;14
34;3237;1130;14
3237;3181;1125;2
3181;3237;1126;2
3237;3232;1121;1
3232;3237;1122;1
3237;3234;1121;1
3234;3237;1122;1
3237;3229;1121;2
3229;3237;1122;2
3237;37;1167;1
37;3237;1168;1
3237;3240;1121;1
3240;3237;1122;1
3237;37;1161;1
37;3237;1162;1
3237;39;1129;1
39;3237;1130;1
3235;2070;1129;1
2070;3235;1130;1
3235;3242;1121;1
3242;3235;1122;1
3236;3242;1121;1
3242;3236;1122;1
3236;2070;1161;26
2070;3236;1162;26
3236;34;1129;12
34;3236;1130;12
3236;2070;1167;14
2070;3236;1168;14
3236;3181;1125;3
3181;3236;1126;3
3236;2070;1129;1
2070;3236;1130;1
3234;2070;1161;10
2070;3234;1162;10
3234;2070;1167;7
2070;3234;1168;7
3234;3244;1121;1
3244;3234;1122;1
3234;34;1129;7
34;3234;1130;7
3234;2070;1129;1
2070;3234;1130;1
3234;39;1129;1
39;3234;1130;1
2246;2070;1161;58
2070;2246;1162;58
2246;2070;1167;10
2070;2246;1168;10
2246;3282;1121;2
3282;2246;1122;2
2246;34;1129;6
34;2246;1130;6
2246;37;1161;2
37;2246;1162;2
2246;2070;1129;5
2070;2246;1130;5
2246;39;1129;2
39;2246;1130;2
2246;2243;1121;1
2243;2246;1122;1
2246;3263;1121;1
3263;2246;1122;1
2247;2069;1143;11
2069;2247;1144;11
2247;2070;1161;47
2070;2247;1162;47
2247;37;1161;4
37;2247;1162;4
2247;2070;1167;9
2070;2247;1168;9
2247;2239;1121;4
2239;2247;1122;4
2247;39;1129;11
39;2247;1130;11
2247;34;1129;7
34;2247;1130;7
2247;3237;1121;4
3237;2247;1122;4
2247;2246;1121;1
2246;2247;1122;1
2247;2069;1129;2
2069;2247;1130;2
2247;2070;1129;1
2070;2247;1130;1
2248;2069;1143;9
2069;2248;1144;9
2248;2070;1161;110
2070;2248;1162;110
2248;37;1161;3
37;2248;1162;3
2248;2070;1167;23
2070;2248;1168;23
2248;2239;1121;3
2239;2248;1122;3
2248;39;1129;6
39;2248;1130;6
2248;34;1129;6
34;2248;1130;6
2248;3237;1121;3
3237;2248;1122;3
2248;2070;1129;4
2070;2248;1130;4
2248;3181;1125;6
3181;2248;1126;6
2248;2245;1121;1
2245;2248;1122;1
2248;2246;1121;1
2246;2248;1122;1
2248;2069;1129;2
2069;2248;1130;2
2249;2069;1143;10
2069;2249;1144;10
2249;2070;1161;136
2070;2249;1162;136
2249;37;1161;4
37;2249;1162;4
2249;2070;1167;32
2070;2249;1168;32
2249;2239;1121;4
2239;2249;1122;4
2249;39;1129;9
39;2249;1130;9
2249;34;1129;8
34;2249;1130;8
2249;3237;1121;4
3237;2249;1122;4
2249;2070;1129;4
2070;2249;1130;4
2249;3181;1125;6
3181;2249;1126;6
2249;2245;1121;1
2245;2249;1122;1
2249;2246;1121;1
2246;2249;1122;1
2249;2069;1129;2
2069;2249;1130;2
2250;2069;1143;9
2069;2250;1144;9
2250;2239;1121;3
2239;2250;1122;3
2250;2070;1161;72
2070;2250;1162;72
2250;37;1161;3
37;2250;1162;3
2250;34;1129;6
34;2250;1130;6
2250;2070;1167;17
2070;2250;1168;17
2250;39;1129;8
39;2250;1130;8
2250;3237;1121;3
3237;2250;1122;3
2250;3181;1125;6
3181;2250;1126;6
2250;2246;1121;1
2246;2250;1122;1
2250;2069;1129;2
2069;2250;1130;2
2250;2070;1129;1
2070;2250;1130;1
2251;2069;1143;9
2069;2251;1144;9
2251;2239;1121;3
2239;2251;1122;3
2251;2070;1161;42
2070;2251;1162;42
2251;37;1161;3
37;2251;1162;3
2251;34;1129;4
34;2251;1130;4
2251;2070;1167;9
2070;2251;1168;9
2251;39;1129;6
39;2251;1130;6
2251;3237;1121;3
3237;2251;1122;3
2251;2246;1121;1
2246;2251;1122;1
2251;2069;1129;2
2069;2251;1130;2
2251;2070;1129;1
2070;2251;1130;1
2244;2070;1167;13
2070;2244;1168;13
2244;2069;1125;4
2069;2244;1126;4
2244;2070;1161;9
2070;2244;1162;9
2244;2069;1161;4
2069;2244;1162;4
2244;39;1129;1
39;2244;1130;1
2244;2070;1163;1
2070;2244;1164;1
2244;3282;1121;1
3282;2244;1122;1
2244;2070;1129;1
2070;2244;1130;1
2244;34;1129;1
34;2244;1130;1
2238;2070;1167;2
2070;2238;1168;2
2238;39;1129;3
39;2238;1130;3
2238;2070;1161;4
2070;2238;1162;4
2238;2070;1129;1
2070;2238;1130;1
2239;2070;1167;3
2070;2239;1168;3
2239;2070;1161;4
2070;2239;1162;4
2239;37;1167;3
37;2239;1168;3
2239;37;1161;4
37;2239;1162;4
2239;3263;1121;1
3263;2239;1122;1
2239;37;1129;1
37;2239;1130;1
2239;2070;1129;1
2070;2239;1130;1
2239;3235;1121;1
3235;2239;1122;1
2243;37;1167;5
37;2243;1168;5
2243;2070;1161;2
2070;2243;1162;2
2243;2061;1121;1
2061;2243;1122;1
2243;37;1161;6
37;2243;1162;6
2243;2031;1121;1
2031;2243;1122;1
2243;3263;1121;1
3263;2243;1122;1
2243;37;1129;1
37;2243;1130;1
2243;39;1129;1
39;2243;1130;1
2245;2070;1161;20
2070;2245;1162;20
2245;2070;1167;1
2070;2245;1168;1
2245;39;1129;11
39;2245;1130;11
2245;2070;1129;5
2070;2245;1130;5
2227;37;1129;1
37;2227;1130;1
2227;2228;1121;1
2228;2227;1122;1
2228;2231;1121;1
2231;2228;1122;1
2228;2070;1167;23
2070;2228;1168;23
2228;39;1129;5
39;2228;1130;5
2228;2070;1161;17
2070;2228;1162;17
2228;34;1129;12
34;2228;1130;12
2228;37;1167;6
37;2228;1168;6
2228;3248;1125;1
3248;2228;1126;1
2228;2241;1121;1
2241;2228;1122;1
2228;37;1161;12
37;2228;1162;12
2228;2070;1129;11
2070;2228;1130;11
2228;3257;1123;1
3257;2228;1124;1
2228;37;1129;6
37;2228;1130;6
2228;3256;1123;1
3256;2228;1124;1
2229;2070;1167;15
2070;2229;1168;15
2229;37;1167;5
37;2229;1168;5
2229;2070;1161;26
2070;2229;1162;26
2229;2246;1121;2
2246;2229;1122;2
2229;2070;1129;2
2070;2229;1130;2
2229;37;1161;5
37;2229;1162;5
2229;39;1129;5
39;2229;1130;5
2229;2070;1163;1
2070;2229;1164;1
2229;3282;1121;1
3282;2229;1122;1
2229;2031;1121;1
2031;2229;1122;1
2229;37;1129;1
37;2229;1130;1
2230;2031;1121;1
2031;2230;1122;1
2230;2070;1167;5
2070;2230;1168;5
2230;3224;1121;1
3224;2230;1122;1
2230;2070;1161;5
2070;2230;1162;5
2230;37;1167;5
37;2230;1168;5
2230;2061;1121;1
2061;2230;1122;1
2230;2070;1129;2
2070;2230;1130;2
2230;37;1161;4
37;2230;1162;4
2230;37;1129;3
37;2230;1130;3
2231;37;1129;1
37;2231;1130;1
2231;2230;1121;1
2230;2231;1122;1
2231;2244;1121;1
2244;2231;1122;1
2231;37;1161;1
37;2231;1162;1
2232;2070;1161;1
2070;2232;1162;1
2232;37;1161;3
37;2232;1162;3
2232;2070;1167;1
2070;2232;1168;1
2232;37;1129;2
37;2232;1130;2
2233;37;1161;3
37;2233;1162;3
2233;2070;1161;2
2070;2233;1162;2
2233;37;1129;1
37;2233;1130;1
2234;3235;1121;1
3235;2234;1122;1
2234;2070;1167;2
2070;2234;1168;2
2234;2070;1161;4
2070;2234;1162;4
2234;34;1129;1
34;2234;1130;1
2234;39;1129;1
39;2234;1130;1
2234;37;1129;1
37;2234;1130;1
2234;2070;1129;1
2070;2234;1130;1
2234;37;1161;2
37;2234;1162;2
2235;2070;1167;6
2070;2235;1168;6
2235;2069;1161;6
2069;2235;1162;6
2235;2069;1125;6
2069;2235;1126;6
2235;2240;1121;1
2240;2235;1122;1
2235;2070;1161;4
2070;2235;1162;4
2235;37;1161;3
37;2235;1162;3
2235;37;1129;1
37;2235;1130;1
2235;2070;1129;1
2070;2235;1130;1
2235;2069;1129;1
2069;2235;1130;1
2236;2070;1167;4
2070;2236;1168;4
2236;37;1129;1
37;2236;1130;1
2236;2070;1129;1
2070;2236;1130;1
2236;37;1161;2
37;2236;1162;2
2237;2070;1161;10
2070;2237;1162;10
2237;37;1161;7
37;2237;1162;7
2237;2070;1129;1
2070;2237;1130;1
2237;39;1129;5
39;2237;1130;5
2237;37;1129;1
37;2237;1130;1
2238;2070;1167;2
2070;2238;1168;2
2238;39;1129;3
39;2238;1130;3
2238;2070;1161;4
2070;2238;1162;4
2238;2070;1129;1
2070;2238;1130;1
2239;2070;1167;3
2070;2239;1168;3
2239;2070;1161;4
2070;2239;1162;4
2239;37;1167;3
37;2239;1168;3
2239;37;1161;4
37;2239;1162;4
2239;3263;1121;1
3263;2239;1122;1
2239;37;1129;1
37;2239;1130;1
2239;2070;1129;1
2070;2239;1130;1
2239;3235;1121;1
3235;2239;1122;1
2240;2070;1161;180
2070;2240;1162;180
2240;39;1129;24
39;2240;1130;24
2240;2239;1121;7
2239;2240;1122;7
2240;2070;1167;59
2070;2240;1168;59
2240;37;1161;62
37;2240;1162;62
2240;2238;1121;5
2238;2240;1122;5
2240;2070;1163;1
2070;2240;1164;1
2240;3282;1121;1
3282;2240;1122;1
2240;2069;1143;5
2069;2240;1144;5
2240;3236;1121;1
3236;2240;1122;1
2240;3234;1121;1
3234;2240;1122;1
2240;2069;1161;1
2069;2240;1162;1
2240;2250;1121;1
2250;2240;1122;1
2240;2069;1125;1
2069;2240;1126;1
2240;2069;1129;2
2069;2240;1130;2
2240;2251;1121;1
2251;2240;1122;1
2240;3248;1125;4
3248;2240;1126;4
2240;37;1167;14
37;2240;1168;14
2240;2061;1121;9
2061;2240;1122;9
2240;2031;1121;1
2031;2240;1122;1
2240;37;1129;1
37;2240;1130;1
2240;2070;1129;1
2070;2240;1130;1
2241;37;1167;1
37;2241;1168;1
2241;37;1161;21
37;2241;1162;21
2241;39;1129;5
39;2241;1130;5
2241;2070;1161;9
2070;2241;1162;9
2241;37;1129;1
37;2241;1130;1
2242;2070;1167;11
2070;2242;1168;11
2242;2070;1161;32
2070;2242;1162;32
2242;34;1129;9
34;2242;1130;9
2242;39;1129;14
39;2242;1130;14
2242;2070;1129;19
2070;2242;1130;19
2242;3263;1121;6
3263;2242;1122;6
2242;2241;1121;1
2241;2242;1122;1
2242;37;1161;12
37;2242;1162;12
2242;37;1167;1
37;2242;1168;1
2242;37;1129;5
37;2242;1130;5
2243;37;1167;5
37;2243;1168;5
2243;2070;1161;2
2070;2243;1162;2
2243;2061;1121;1
2061;2243;1122;1
2243;37;1161;6
37;2243;1162;6
2243;2031;1121;1
2031;2243;1122;1
2243;3263;1121;1
3263;2243;1122;1
2243;37;1129;1
37;2243;1130;1
2243;39;1129;1
39;2243;1130;1
2244;2070;1167;13
2070;2244;1168;13
2244;2069;1125;4
2069;2244;1126;4
2244;2070;1161;9
2070;2244;1162;9
2244;2069;1161;4
2069;2244;1162;4
2244;39;1129;1
39;2244;1130;1
2244;2070;1163;1
2070;2244;1164;1
2244;3282;1121;1
3282;2244;1122;1
2244;2070;1129;1
2070;2244;1130;1
2244;34;1129;1
34;2244;1130;1
2245;2070;1161;20
2070;2245;1162;20
2245;2070;1167;1
2070;2245;1168;1
2245;39;1129;11
39;2245;1130;11
2245;2070;1129;5
2070;2245;1130;5
2246;2070;1161;58
2070;2246;1162;58
2246;2070;1167;10
2070;2246;1168;10
2246;3282;1121;2
3282;2246;1122;2
2246;34;1129;6
34;2246;1130;6
2246;37;1161;2
37;2246;1162;2
2246;2070;1129;5
2070;2246;1130;5
2246;39;1129;2
39;2246;1130;2
2246;2243;1121;1
2243;2246;1122;1
2246;3263;1121;1
3263;2246;1122;1
2247;2069;1143;11
2069;2247;1144;11
2247;2070;1161;47
2070;2247;1162;47
2247;37;1161;4
37;2247;1162;4
2247;2070;1167;9
2070;2247;1168;9
2247;2239;1121;4
2239;2247;1122;4
2247;39;1129;11
39;2247;1130;11
2247;34;1129;7
34;2247;1130;7
2247;3237;1121;4
3237;2247;1122;4
2247;2246;1121;1
2246;2247;1122;1
2247;2069;1129;2
2069;2247;1130;2
2247;2070;1129;1
2070;2247;1130;1
2248;2069;1143;9
2069;2248;1144;9
2248;2070;1161;110
2070;2248;1162;110
2248;37;1161;3
37;2248;1162;3
2248;2070;1167;23
2070;2248;1168;23
2248;2239;1121;3
2239;2248;1122;3
2248;39;1129;6
39;2248;1130;6
2248;34;1129;6
34;2248;1130;6
2248;3237;1121;3
3237;2248;1122;3
2248;2070;1129;4
2070;2248;1130;4
2248;3181;1125;6
3181;2248;1126;6
2248;2245;1121;1
2245;2248;1122;1
2248;2246;1121;1
2246;2248;1122;1
2248;2069;1129;2
2069;2248;1130;2
2249;2069;1143;10
2069;2249;1144;10
2249;2070;1161;136
2070;2249;1162;136
2249;37;1161;4
37;2249;1162;4
2249;2070;1167;32
2070;2249;1168;32
2249;2239;1121;4
2239;2249;1122;4
2249;39;1129;9
39;2249;1130;9
2249;34;1129;8
34;2249;1130;8
2249;3237;1121;4
3237;2249;1122;4
2249;2070;1129;4
2070;2249;1130;4
2249;3181;1125;6
3181;2249;1126;6
2249;2245;1121;1
2245;2249;1122;1
2249;2246;1121;1
2246;2249;1122;1
2249;2069;1129;2
2069;2249;1130;2
2250;2069;1143;9
2069;2250;1144;9
2250;2239;1121;3
2239;2250;1122;3
2250;2070;1161;72
2070;2250;1162;72
2250;37;1161;3
37;2250;1162;3
2250;34;1129;6
34;2250;1130;6
2250;2070;1167;17
2070;2250;1168;17
2250;39;1129;8
39;2250;1130;8
2250;3237;1121;3
3237;2250;1122;3
2250;3181;1125;6
3181;2250;1126;6
2250;2246;1121;1
2246;2250;1122;1
2250;2069;1129;2
2069;2250;1130;2
2250;2070;1129;1
2070;2250;1130;1
2251;2069;1143;9
2069;2251;1144;9
2251;2239;1121;3
2239;2251;1122;3
2251;2070;1161;42
2070;2251;1162;42
2251;37;1161;3
37;2251;1162;3
2251;34;1129;4
34;2251;1130;4
2251;2070;1167;9
2070;2251;1168;9
2251;39;1129;6
39;2251;1130;6
2251;3237;1121;3
3237;2251;1122;3
2251;2246;1121;1
2246;2251;1122;1
2251;2069;1129;2
2069;2251;1130;2
2251;2070;1129;1
2070;2251;1130;1
2252;1340;1197;5
1340;2252;1198;5
2252;2317;1197;31
2317;2252;1198;31
2252;1344;1197;7
1344;2252;1198;7
2252;2278;1197;22
2278;2252;1198;22
2252;1330;1197;3
1330;2252;1198;3
2252;2316;1197;1
2316;2252;1198;1
2252;1366;1197;1
1366;2252;1198;1
2252;46;1197;11
46;2252;1198;11
2252;1353;1197;1
1353;2252;1198;1
2252;1336;1197;8
1336;2252;1198;8
2252;1368;1197;4
1368;2252;1198;4
2252;1345;1197;1
1345;2252;1198;1
2252;1373;1197;1
1373;2252;1198;1
2252;1343;1197;1
1343;2252;1198;1
2252;1320;1197;2
1320;2252;1198;2
2252;42;1195;1
42;2252;1196;1
2252;1355;1197;2
1355;2252;1198;2
2252;1354;1197;2
1354;2252;1198;2
2252;2266;1197;2
2266;2252;1198;2
2252;1352;1197;1
1352;2252;1198;1
2252;1331;1197;1
1331;2252;1198;1
2252;1369;1197;4
1369;2252;1198;4
2252;43;1197;4
43;2252;1198;4
2252;1339;1197;1
1339;2252;1198;1
2252;1348;1197;1
1348;2252;1198;1
2252;1356;1197;1
1356;2252;1198;1
2252;1328;1197;1
1328;2252;1198;1
2252;1360;1197;1
1360;2252;1198;1
2252;39;1151;1
39;2252;1152;1
2254;1268;1197;171
1268;2254;1198;171
2254;754;1197;63
754;2254;1198;63
2254;87;1197;95
87;2254;1198;95
2254;58;1197;229
58;2254;1198;229
2254;280;1197;43
280;2254;1198;43
2254;708;1197;246
708;2254;1198;246
2254;1133;1197;27
1133;2254;1198;27
2254;109;1197;36
109;2254;1198;36
2254;1145;1197;27
1145;2254;1198;27
2254;222;1197;8
222;2254;1198;8
2254;272;1197;8
272;2254;1198;8
2254;89;1197;164
89;2254;1198;164
2254;215;1197;50
215;2254;1198;50
2254;90;1197;5
90;2254;1198;5
2254;221;1197;50
221;2254;1198;50
2254;88;1197;70
88;2254;1198;70
2254;220;1197;66
220;2254;1198;66
2254;217;1197;54
217;2254;1198;54
2254;1189;1197;4
1189;2254;1198;4
2254;720;1197;53
720;2254;1198;53
2254;719;1197;12
719;2254;1198;12
2254;576;1197;47
576;2254;1198;47
2254;123;1197;86
123;2254;1198;86
2254;479;1197;10
479;2254;1198;10
2254;1148;1197;29
1148;2254;1198;29
2254;578;1197;4
578;2254;1198;4
2254;2294;1197;2
2294;2254;1198;2
2254;622;1197;6
622;2254;1198;6
2254;620;1197;4
620;2254;1198;4
2254;758;1197;2
758;2254;1198;2
2254;218;1197;8
218;2254;1198;8
2254;1198;1197;2
1198;2254;1198;2
2254;1165;1197;11
1165;2254;1198;11
2254;1201;1197;4
1201;2254;1198;4
2254;142;1197;4
142;2254;1198;4
2254;105;1197;11
105;2254;1198;11
2254;1269;1197;8
1269;2254;1198;8
2254;219;1197;8
219;2254;1198;8
2254;93;1197;6
93;2254;1198;6
2254;1192;1197;3
1192;2254;1198;3
2254;1199;1197;2
1199;2254;1198;2
2254;1440;1197;1
1440;2254;1198;1
2254;107;1197;4
107;2254;1198;4
2254;91;1197;4
91;2254;1198;4
2254;1154;1195;2
1154;2254;1196;2
2254;124;1197;2
124;2254;1198;2
2254;1115;1197;1
1115;2254;1198;1
2254;531;1197;1
531;2254;1198;1
2254;277;1197;6
277;2254;1198;6
2254;130;1197;1
130;2254;1198;1
2254;223;1197;8
223;2254;1198;8
2254;1235;1197;1
1235;2254;1198;1
2254;265;1197;1
265;2254;1198;1
2254;1208;1197;1
1208;2254;1198;1
2254;1248;1197;2
1248;2254;1198;2
2254;1320;1195;1
1320;2254;1196;1
2254;103;1197;1
103;2254;1198;1
2254;128;1197;1
128;2254;1198;1
2254;1146;1197;1
1146;2254;1198;1
2254;21;1195;3
21;2254;1196;3
2254;1420;1195;1
1420;2254;1196;1
2254;1191;1197;2
1191;2254;1198;2
2254;104;1197;1
104;2254;1198;1
2254;577;1197;2
577;2254;1198;2
2254;634;1197;2
634;2254;1198;2
2254;1421;1195;1
1421;2254;1196;1
2254;1234;1197;1
1234;2254;1198;1
2254;2256;1197;1
2256;2254;1198;1
2254;278;1197;2
278;2254;1198;2
2254;2254;1149;1
2254;2254;1150;1
2295;1125;1197;2
1125;2295;1198;2
2295;1181;1197;2
1181;2295;1198;2
2295;1320;1197;2
1320;2295;1198;2
2295;2625;1197;2
2625;2295;1198;2
2295;1181;1195;1
1181;2295;1196;1
2295;1123;1197;2
1123;2295;1198;2
2537;1113;1129;3
1113;2537;1130;3
2537;3281;1121;1
3281;2537;1122;1
2537;57;1129;3
57;2537;1130;3
2538;3281;1121;1
3281;2538;1122;1
2538;57;1129;3
57;2538;1130;3
2538;1113;1129;1
1113;2538;1130;1
2539;1113;1129;3
1113;2539;1130;3
2539;3281;1121;1
3281;2539;1122;1
2539;57;1129;4
57;2539;1130;4
2540;1113;1129;1
1113;2540;1130;1
2540;3281;1121;1
3281;2540;1122;1
2540;57;1129;4
57;2540;1130;4
2613;2241;1121;1
2241;2613;1122;1
2613;3272;1121;4
3272;2613;1122;4
2613;3262;1121;4
3262;2613;1122;4
2613;3284;1121;4
3284;2613;1122;4
2613;2240;1121;2
2240;2613;1122;2
2613;37;1167;8
37;2613;1168;8
2613;37;1161;2
37;2613;1162;2
2613;2252;1125;4
2252;2613;1126;4
2613;37;1129;5
37;2613;1130;5
2613;39;1129;4
39;2613;1130;4
2613;2227;1121;1
2227;2613;1122;1
2613;3259;1121;1
3259;2613;1122;1
2614;3262;1121;4
3262;2614;1122;4
2614;3284;1121;4
3284;2614;1122;4
2614;3277;1121;1
3277;2614;1122;1
2614;3275;1121;1
3275;2614;1122;1
2614;2252;1125;3
2252;2614;1126;3
2614;3272;1121;4
3272;2614;1122;4
2614;3139;1121;1
3139;2614;1122;1
2614;37;1167;8
37;2614;1168;8
2614;3138;1121;1
3138;2614;1122;1
2614;37;1161;2
37;2614;1162;2
2614;37;1129;5
37;2614;1130;5
2614;3134;1121;1
3134;2614;1122;1
2614;39;1129;3
39;2614;1130;3
2614;3276;1121;1
3276;2614;1122;1
2615;3272;1121;7
3272;2615;1122;7
2615;3262;1121;7
3262;2615;1122;7
2615;3284;1121;7
3284;2615;1122;7
2615;2241;1121;1
2241;2615;1122;1
2615;2240;1121;4
2240;2615;1122;4
2615;37;1167;11
37;2615;1168;11
2615;39;1129;7
39;2615;1130;7
2615;2235;1121;2
2235;2615;1122;2
2615;37;1161;1
37;2615;1162;1
2615;37;1129;5
37;2615;1130;5
2615;2227;1121;1
2227;2615;1122;1
2615;2252;1125;2
2252;2615;1126;2
2616;3284;1121;4
3284;2616;1122;4
2616;3277;1121;1
3277;2616;1122;1
2616;37;1161;2
37;2616;1162;2
2616;3272;1121;4
3272;2616;1122;4
2616;3262;1121;4
3262;2616;1122;4
2616;3139;1121;1
3139;2616;1122;1
2616;3138;1121;1
3138;2616;1122;1
2616;37;1167;7
37;2616;1168;7
2616;39;1129;5
39;2616;1130;5
2616;37;1129;5
37;2616;1130;5
2616;3134;1121;1
3134;2616;1122;1
2616;2252;1125;2
2252;2616;1126;2
2616;3276;1121;1
3276;2616;1122;1
2617;3272;1121;4
3272;2617;1122;4
2617;3262;1121;4
3262;2617;1122;4
2617;3284;1121;4
3284;2617;1122;4
2617;37;1161;1
37;2617;1162;1
2617;2241;1121;1
2241;2617;1122;1
2617;37;1167;8
37;2617;1168;8
2617;2240;1121;2
2240;2617;1122;2
2617;39;1129;5
39;2617;1130;5
2617;2252;1125;4
2252;2617;1126;4
2617;37;1129;5
37;2617;1130;5
2617;2227;1121;1
2227;2617;1122;1
2617;3259;1121;1
3259;2617;1122;1
2618;3284;1121;5
3284;2618;1122;5
2618;3277;1121;1
3277;2618;1122;1
2618;3139;1121;1
3139;2618;1122;1
2618;3272;1121;5
3272;2618;1122;5
2618;3262;1121;5
3262;2618;1122;5
2618;3138;1121;2
3138;2618;1122;2
2618;39;1129;5
39;2618;1130;5
2618;3144;1121;1
3144;2618;1122;1
2618;37;1167;8
37;2618;1168;8
2618;37;1129;5
37;2618;1130;5
2618;3134;1121;1
3134;2618;1122;1
2618;2252;1125;2
2252;2618;1126;2
2618;3276;1121;1
3276;2618;1122;1
2619;3272;1121;4
3272;2619;1122;4
2619;3262;1121;4
3262;2619;1122;4
2619;3284;1121;4
3284;2619;1122;4
2619;2241;1121;1
2241;2619;1122;1
2619;3259;1121;1
3259;2619;1122;1
2619;2252;1125;5
2252;2619;1126;5
2619;39;1129;6
39;2619;1130;6
2619;2240;1121;1
2240;2619;1122;1
2619;37;1167;7
37;2619;1168;7
2619;2252;1155;1
2252;2619;1156;1
2619;37;1161;1
37;2619;1162;1
2619;2252;1141;1
2252;2619;1142;1
2619;2229;1121;1
2229;2619;1122;1
2619;37;1129;5
37;2619;1130;5
2619;2227;1121;1
2227;2619;1122;1
2620;3262;1121;5
3262;2620;1122;5
2620;3284;1121;5
3284;2620;1122;5
2620;3277;1121;1
3277;2620;1122;1
2620;3275;1121;1
3275;2620;1122;1
2620;2252;1125;5
2252;2620;1126;5
2620;3272;1121;5
3272;2620;1122;5
2620;3139;1121;1
3139;2620;1122;1
2620;39;1129;6
39;2620;1130;6
2620;2252;1141;1
2252;2620;1142;1
2620;3141;1121;1
3141;2620;1122;1
2620;3138;1121;1
3138;2620;1122;1
2620;37;1161;1
37;2620;1162;1
2620;37;1167;7
37;2620;1168;7
2620;37;1129;5
37;2620;1130;5
2620;3134;1121;1
3134;2620;1122;1
2620;3276;1121;1
3276;2620;1122;1
2621;3296;1121;2
3296;2621;1122;2
2621;2618;1121;1
2618;2621;1122;1
2621;2619;1121;1
2619;2621;1122;1
2621;2620;1121;1
2620;2621;1122;1
2621;2614;1121;1
2614;2621;1122;1
2621;2615;1121;1
2615;2621;1122;1
2621;2616;1121;1
2616;2621;1122;1
2621;2617;1121;1
2617;2621;1122;1
2621;3284;1121;2
3284;2621;1122;2
2621;2611;1121;1
2611;2621;1122;1
2621;2612;1121;1
2612;2621;1122;1
2621;2613;1121;1
2613;2621;1122;1
2621;3264;1121;2
3264;2621;1122;2
2621;39;1129;7
39;2621;1130;7
2621;3277;1121;2
3277;2621;1122;2
2621;3254;1121;1
3254;2621;1122;1
2621;3253;1121;2
3253;2621;1122;2
2621;3272;1121;2
3272;2621;1122;2
2621;3262;1121;2
3262;2621;1122;2
2621;3275;1121;1
3275;2621;1122;1
2611;3284;1121;3
3284;2611;1122;3
2611;3277;1121;1
3277;2611;1122;1
2611;3275;1121;1
3275;2611;1122;1
2611;2252;1125;3
2252;2611;1126;3
2611;3272;1121;3
3272;2611;1122;3
2611;3262;1121;3
3262;2611;1122;3
2611;3247;1121;1
3247;2611;1122;1
2611;3276;1121;1
3276;2611;1122;1
2611;2040;1121;1
2040;2611;1122;1
2611;39;1129;4
39;2611;1130;4
2611;3259;1121;1
3259;2611;1122;1
2612;3262;1121;11
3262;2612;1122;11
2612;3284;1121;11
3284;2612;1122;11
2612;3277;1121;2
3277;2612;1122;2
2612;2949;1121;2
2949;2612;1122;2
2612;3275;1121;2
3275;2612;1122;2
2612;2252;1125;3
2252;2612;1126;3
2612;3272;1121;11
3272;2612;1122;11
2612;3259;1121;2
3259;2612;1122;2
2612;2969;1121;4
2969;2612;1122;4
2612;2989;1121;1
2989;2612;1122;1
2612;2988;1121;1
2988;2612;1122;1
2612;37;1167;2
37;2612;1168;2
2612;37;1161;5
37;2612;1162;5
2612;2986;1121;1
2986;2612;1122;1
2612;2965;1121;2
2965;2612;1122;2
2612;2963;1121;2
2963;2612;1122;2
2612;3276;1121;1
3276;2612;1122;1
2612;2985;1121;1
2985;2612;1122;1
2612;2956;1121;2
2956;2612;1122;2
2612;3003;1121;1
3003;2612;1122;1
2612;3000;1121;1
3000;2612;1122;1
2612;3001;1121;1
3001;2612;1122;1
2612;37;1129;1
37;2612;1130;1
2612;39;1129;2
39;2612;1130;2
2611;3284;1121;3
3284;2611;1122;3
2611;3277;1121;1
3277;2611;1122;1
2611;3275;1121;1
3275;2611;1122;1
2611;2252;1125;3
2252;2611;1126;3
2611;3272;1121;3
3272;2611;1122;3
2611;3262;1121;3
3262;2611;1122;3
2611;3247;1121;1
3247;2611;1122;1
2611;3276;1121;1
3276;2611;1122;1
2611;2040;1121;1
2040;2611;1122;1
2611;39;1129;4
39;2611;1130;4
2611;3259;1121;1
3259;2611;1122;1
2612;3262;1121;11
3262;2612;1122;11
2612;3284;1121;11
3284;2612;1122;11
2612;3277;1121;2
3277;2612;1122;2
2612;2949;1121;2
2949;2612;1122;2
2612;3275;1121;2
3275;2612;1122;2
2612;2252;1125;3
2252;2612;1126;3
2612;3272;1121;11
3272;2612;1122;11
2612;3259;1121;2
3259;2612;1122;2
2612;2969;1121;4
2969;2612;1122;4
2612;2989;1121;1
2989;2612;1122;1
2612;2988;1121;1
2988;2612;1122;1
2612;37;1167;2
37;2612;1168;2
2612;37;1161;5
37;2612;1162;5
2612;2986;1121;1
2986;2612;1122;1
2612;2965;1121;2
2965;2612;1122;2
2612;2963;1121;2
2963;2612;1122;2
2612;3276;1121;1
3276;2612;1122;1
2612;2985;1121;1
2985;2612;1122;1
2612;2956;1121;2
2956;2612;1122;2
2612;3003;1121;1
3003;2612;1122;1
2612;3000;1121;1
3000;2612;1122;1
2612;3001;1121;1
3001;2612;1122;1
2612;37;1129;1
37;2612;1130;1
2612;39;1129;2
39;2612;1130;2
2613;2241;1121;1
2241;2613;1122;1
2613;3272;1121;4
3272;2613;1122;4
2613;3262;1121;4
3262;2613;1122;4
2613;3284;1121;4
3284;2613;1122;4
2613;2240;1121;2
2240;2613;1122;2
2613;37;1167;8
37;2613;1168;8
2613;37;1161;2
37;2613;1162;2
2613;2252;1125;4
2252;2613;1126;4
2613;37;1129;5
37;2613;1130;5
2613;39;1129;4
39;2613;1130;4
2613;2227;1121;1
2227;2613;1122;1
2613;3259;1121;1
3259;2613;1122;1
2614;3262;1121;4
3262;2614;1122;4
2614;3284;1121;4
3284;2614;1122;4
2614;3277;1121;1
3277;2614;1122;1
2614;3275;1121;1
3275;2614;1122;1
2614;2252;1125;3
2252;2614;1126;3
2614;3272;1121;4
3272;2614;1122;4
2614;3139;1121;1
3139;2614;1122;1
2614;37;1167;8
37;2614;1168;8
2614;3138;1121;1
3138;2614;1122;1
2614;37;1161;2
37;2614;1162;2
2614;37;1129;5
37;2614;1130;5
2614;3134;1121;1
3134;2614;1122;1
2614;39;1129;3
39;2614;1130;3
2614;3276;1121;1
3276;2614;1122;1
2615;3272;1121;7
3272;2615;1122;7
2615;3262;1121;7
3262;2615;1122;7
2615;3284;1121;7
3284;2615;1122;7
2615;2241;1121;1
2241;2615;1122;1
2615;2240;1121;4
2240;2615;1122;4
2615;37;1167;11
37;2615;1168;11
2615;39;1129;7
39;2615;1130;7
2615;2235;1121;2
2235;2615;1122;2
2615;37;1161;1
37;2615;1162;1
2615;37;1129;5
37;2615;1130;5
2615;2227;1121;1
2227;2615;1122;1
2615;2252;1125;2
2252;2615;1126;2
2616;3284;1121;4
3284;2616;1122;4
2616;3277;1121;1
3277;2616;1122;1
2616;37;1161;2
37;2616;1162;2
2616;3272;1121;4
3272;2616;1122;4
2616;3262;1121;4
3262;2616;1122;4
2616;3139;1121;1
3139;2616;1122;1
2616;3138;1121;1
3138;2616;1122;1
2616;37;1167;7
37;2616;1168;7
2616;39;1129;5
39;2616;1130;5
2616;37;1129;5
37;2616;1130;5
2616;3134;1121;1
3134;2616;1122;1
2616;2252;1125;2
2252;2616;1126;2
2616;3276;1121;1
3276;2616;1122;1
2617;3272;1121;4
3272;2617;1122;4
2617;3262;1121;4
3262;2617;1122;4
2617;3284;1121;4
3284;2617;1122;4
2617;37;1161;1
37;2617;1162;1
2617;2241;1121;1
2241;2617;1122;1
2617;37;1167;8
37;2617;1168;8
2617;2240;1121;2
2240;2617;1122;2
2617;39;1129;5
39;2617;1130;5
2617;2252;1125;4
2252;2617;1126;4
2617;37;1129;5
37;2617;1130;5
2617;2227;1121;1
2227;2617;1122;1
2617;3259;1121;1
3259;2617;1122;1
2618;3284;1121;5
3284;2618;1122;5
2618;3277;1121;1
3277;2618;1122;1
2618;3139;1121;1
3139;2618;1122;1
2618;3272;1121;5
3272;2618;1122;5
2618;3262;1121;5
3262;2618;1122;5
2618;3138;1121;2
3138;2618;1122;2
2618;39;1129;5
39;2618;1130;5
2618;3144;1121;1
3144;2618;1122;1
2618;37;1167;8
37;2618;1168;8
2618;37;1129;5
37;2618;1130;5
2618;3134;1121;1
3134;2618;1122;1
2618;2252;1125;2
2252;2618;1126;2
2618;3276;1121;1
3276;2618;1122;1
2619;3272;1121;4
3272;2619;1122;4
2619;3262;1121;4
3262;2619;1122;4
2619;3284;1121;4
3284;2619;1122;4
2619;2241;1121;1
2241;2619;1122;1
2619;3259;1121;1
3259;2619;1122;1
2619;2252;1125;5
2252;2619;1126;5
2619;39;1129;6
39;2619;1130;6
2619;2240;1121;1
2240;2619;1122;1
2619;37;1167;7
37;2619;1168;7
2619;2252;1155;1
2252;2619;1156;1
2619;37;1161;1
37;2619;1162;1
2619;2252;1141;1
2252;2619;1142;1
2619;2229;1121;1
2229;2619;1122;1
2619;37;1129;5
37;2619;1130;5
2619;2227;1121;1
2227;2619;1122;1
2620;3262;1121;5
3262;2620;1122;5
2620;3284;1121;5
3284;2620;1122;5
2620;3277;1121;1
3277;2620;1122;1
2620;3275;1121;1
3275;2620;1122;1
2620;2252;1125;5
2252;2620;1126;5
2620;3272;1121;5
3272;2620;1122;5
2620;3139;1121;1
3139;2620;1122;1
2620;39;1129;6
39;2620;1130;6
2620;2252;1141;1
2252;2620;1142;1
2620;3141;1121;1
3141;2620;1122;1
2620;3138;1121;1
3138;2620;1122;1
2620;37;1161;1
37;2620;1162;1
2620;37;1167;7
37;2620;1168;7
2620;37;1129;5
37;2620;1130;5
2620;3134;1121;1
3134;2620;1122;1
2620;3276;1121;1
3276;2620;1122;1
2621;3296;1121;2
3296;2621;1122;2
2621;2618;1121;1
2618;2621;1122;1
2621;2619;1121;1
2619;2621;1122;1
2621;2620;1121;1
2620;2621;1122;1
2621;2614;1121;1
2614;2621;1122;1
2621;2615;1121;1
2615;2621;1122;1
2621;2616;1121;1
2616;2621;1122;1
2621;2617;1121;1
2617;2621;1122;1
2621;3284;1121;2
3284;2621;1122;2
2621;2611;1121;1
2611;2621;1122;1
2621;2612;1121;1
2612;2621;1122;1
2621;2613;1121;1
2613;2621;1122;1
2621;3264;1121;2
3264;2621;1122;2
2621;39;1129;7
39;2621;1130;7
2621;3277;1121;2
3277;2621;1122;2
2621;3254;1121;1
3254;2621;1122;1
2621;3253;1121;2
3253;2621;1122;2
2621;3272;1121;2
3272;2621;1122;2
2621;3262;1121;2
3262;2621;1122;2
2621;3275;1121;1
3275;2621;1122;1
2622;49;1197;1
49;2622;1198;1
2622;1347;1197;1
1347;2622;1198;1
2622;2625;1197;1
2625;2622;1198;1
2622;2775;1197;1
2775;2622;1198;1
2623;51;1197;1
51;2623;1198;1
2623;10;1195;4
10;2623;1196;4
2623;46;1197;5
46;2623;1198;5
2623;1322;1197;1
1322;2623;1198;1
2623;1329;1197;6
1329;2623;1198;6
2623;2624;1197;1
2624;2623;1198;1
2623;48;1197;4
48;2623;1198;4
2623;10;1197;1
10;2623;1198;1
2623;1428;1195;1
1428;2623;1196;1
2623;49;1197;4
49;2623;1198;4
2623;44;1197;1
44;2623;1198;1
2623;42;1195;2
42;2623;1196;2
2623;41;1195;1
41;2623;1196;1
2623;13;1195;2
13;2623;1196;2
2623;1284;1195;1
1284;2623;1196;1
2623;2623;1149;1
2623;2623;1150;1
2626;2633;1197;1
2633;2626;1198;1
2626;2636;1197;1
2636;2626;1198;1
2626;2628;1197;1
2628;2626;1198;1
2626;2629;1197;1
2629;2626;1198;1
2626;2631;1197;1
2631;2626;1198;1
2626;2634;1197;1
2634;2626;1198;1
2626;2632;1197;1
2632;2626;1198;1
2661;87;1197;69
87;2661;1198;69
2661;107;1197;2
107;2661;1198;2
2661;1201;1197;2
1201;2661;1198;2
2661;708;1197;83
708;2661;1198;83
2661;1189;1197;2
1189;2661;1198;2
2661;215;1197;55
215;2661;1198;55
2661;103;1197;20
103;2661;1198;20
2661;58;1197;80
58;2661;1198;80
2661;754;1197;7
754;2661;1198;7
2661;1165;1197;20
1165;2661;1198;20
2661;1166;1195;1
1166;2661;1196;1
2661;1148;1197;12
1148;2661;1198;12
2661;1269;1197;7
1269;2661;1198;7
2661;89;1197;29
89;2661;1198;29
2661;720;1197;5
720;2661;1198;5
2661;479;1197;2
479;2661;1198;2
2661;125;1197;3
125;2661;1198;3
2661;127;1197;1
127;2661;1198;1
2661;576;1197;3
576;2661;1198;3
2661;578;1197;2
578;2661;1198;2
2661;1268;1197;7
1268;2661;1198;7
2661;2292;1195;1
2292;2661;1196;1
2661;719;1197;5
719;2661;1198;5
2661;93;1197;2
93;2661;1198;2
2661;14;1195;1
14;2661;1196;1
2661;622;1197;2
622;2661;1198;2
2661;129;1197;2
129;2661;1198;2
2661;758;1197;2
758;2661;1198;2
2661;1154;1195;1
1154;2661;1196;1
2661;1115;1197;1
1115;2661;1198;1
2687;1321;1195;1
1321;2687;1196;1
2957;37;1129;2
37;2957;1130;2
2957;2955;1121;1
2955;2957;1122;1
2962;37;1161;9
37;2962;1162;9
2962;37;1167;6
37;2962;1168;6
2962;2623;1167;6
2623;2962;1168;6
2962;2623;1161;26
2623;2962;1162;26
2962;2961;1121;1
2961;2962;1122;1
2962;2971;1121;1
2971;2962;1122;1
2962;3266;1121;1
3266;2962;1122;1
2962;37;1129;1
37;2962;1130;1
2962;2623;1129;2
2623;2962;1130;2
2964;2623;1161;5
2623;2964;1162;5
2964;37;1161;1
37;2964;1162;1
2964;37;1129;1
37;2964;1130;1
2964;2623;1129;2
2623;2964;1130;2
2966;2623;1161;5
2623;2966;1162;5
2966;37;1161;1
37;2966;1162;1
2966;3266;1121;1
3266;2966;1122;1
2966;37;1129;1
37;2966;1130;1
2966;2623;1129;2
2623;2966;1130;2
2971;2623;1161;8
2623;2971;1162;8
2971;3259;1121;4
3259;2971;1122;4
2971;2623;1167;4
2623;2971;1168;4
2971;3269;1121;1
3269;2971;1122;1
2971;3295;1121;1
3295;2971;1122;1
2971;37;1167;1
37;2971;1168;1
2971;2623;1129;1
2623;2971;1130;1
2971;3296;1121;1
3296;2971;1122;1
2949;2991;1121;1
2991;2949;1122;1
2949;3006;1121;1
3006;2949;1122;1
2949;37;1129;1
37;2949;1130;1
2949;2623;1129;2
2623;2949;1130;2
2949;2623;1161;1
2623;2949;1162;1
2950;2625;1197;33
2625;2950;1198;33
2950;2775;1197;19
2775;2950;1198;19
2950;1329;1197;11
1329;2950;1198;11
2950;2776;1197;10
2776;2950;1198;10
2950;49;1197;15
49;2950;1198;15
2950;2266;1197;4
2266;2950;1198;4
2950;2655;1195;1
2655;2950;1196;1
2950;2653;1195;3
2653;2950;1196;3
2950;1328;1197;7
1328;2950;1198;7
2950;2686;1197;4
2686;2950;1198;4
2950;2774;1197;2
2774;2950;1198;2
2950;13;1195;5
13;2950;1196;5
2950;1343;1197;6
1343;2950;1198;6
2950;2268;1197;3
2268;2950;1198;3
2950;1355;1197;1
1355;2950;1198;1
2950;2655;1197;1
2655;2950;1198;1
2950;2651;1197;1
2651;2950;1198;1
2950;1349;1197;4
1349;2950;1198;4
2950;2652;1197;1
2652;2950;1198;1
2950;2773;1197;1
2773;2950;1198;1
2950;1358;1197;1
1358;2950;1198;1
2950;2650;1197;1
2650;2950;1198;1
2950;2777;1197;2
2777;2950;1198;2
2950;46;1197;2
46;2950;1198;2
2950;2647;1197;1
2647;2950;1198;1
2950;2951;1197;4
2951;2950;1198;4
2950;1350;1197;3
1350;2950;1198;3
2950;2648;1197;1
2648;2950;1198;1
2950;2685;1197;3
2685;2950;1198;3
2950;1359;1197;1
1359;2950;1198;1
2950;1284;1197;1
1284;2950;1198;1
2950;2778;1197;1
2778;2950;1198;1
2950;2781;1197;1
2781;2950;1198;1
2950;2779;1197;1
2779;2950;1198;1
2950;2624;1197;1
2624;2950;1198;1
2950;1284;1195;1
1284;2950;1196;1
2950;2653;1197;1
2653;2950;1198;1
2950;1356;1197;1
1356;2950;1198;1
2950;1357;1197;1
1357;2950;1198;1
2950;1360;1197;1
1360;2950;1198;1
2954;37;1167;3
37;2954;1168;3
2954;2971;1121;1
2971;2954;1122;1
2954;2623;1161;4
2623;2954;1162;4
2954;2623;1167;4
2623;2954;1168;4
2954;2623;1129;1
2623;2954;1130;1
2955;37;1129;3
37;2955;1130;3
2955;2623;1161;15
2623;2955;1162;15
2955;2623;1167;22
2623;2955;1168;22
2955;2954;1121;1
2954;2955;1122;1
2955;3266;1121;1
3266;2955;1122;1
2955;3296;1121;6
3296;2955;1122;6
2955;3261;1121;1
3261;2955;1122;1
2955;3265;1121;1
3265;2955;1122;1
2955;3269;1121;1
3269;2955;1122;1
2955;3288;1121;2
3288;2955;1122;2
2955;3259;1121;1
3259;2955;1122;1
2955;3295;1121;2
3295;2955;1122;2
2955;57;1129;2
57;2955;1130;2
2955;2623;1129;3
2623;2955;1130;3
2954;37;1167;3
37;2954;1168;3
2954;2971;1121;1
2971;2954;1122;1
2954;2623;1161;4
2623;2954;1162;4
2954;2623;1167;4
2623;2954;1168;4
2954;2623;1129;1
2623;2954;1130;1
2955;37;1129;3
37;2955;1130;3
2955;2623;1161;15
2623;2955;1162;15
2955;2623;1167;22
2623;2955;1168;22
2955;2954;1121;1
2954;2955;1122;1
2955;3266;1121;1
3266;2955;1122;1
2955;3296;1121;6
3296;2955;1122;6
2955;3261;1121;1
3261;2955;1122;1
2955;3265;1121;1
3265;2955;1122;1
2955;3269;1121;1
3269;2955;1122;1
2955;3288;1121;2
3288;2955;1122;2
2955;3259;1121;1
3259;2955;1122;1
2955;3295;1121;2
3295;2955;1122;2
2955;57;1129;2
57;2955;1130;2
2955;2623;1129;3
2623;2955;1130;3
2956;37;1129;2
37;2956;1130;2
2956;2955;1121;1
2955;2956;1122;1
2957;37;1129;2
37;2957;1130;2
2957;2955;1121;1
2955;2957;1122;1
2958;3269;1121;1
3269;2958;1122;1
2958;2955;1121;1
2955;2958;1122;1
2958;3296;1121;1
3296;2958;1122;1
2958;37;1129;3
37;2958;1130;3
2958;3295;1121;1
3295;2958;1122;1
2959;37;1129;2
37;2959;1130;2
2959;57;1129;1
57;2959;1130;1
2959;2955;1121;1
2955;2959;1122;1
2960;2623;1161;3
2623;2960;1162;3
2960;2623;1167;1
2623;2960;1168;1
2960;37;1129;1
37;2960;1130;1
2960;2623;1129;2
2623;2960;1130;2
2961;2623;1161;5
2623;2961;1162;5
2961;2954;1121;1
2954;2961;1122;1
2961;3266;1121;1
3266;2961;1122;1
2961;37;1129;1
37;2961;1130;1
2961;2623;1129;2
2623;2961;1130;2
2962;37;1161;9
37;2962;1162;9
2962;37;1167;6
37;2962;1168;6
2962;2623;1167;6
2623;2962;1168;6
2962;2623;1161;26
2623;2962;1162;26
2962;2961;1121;1
2961;2962;1122;1
2962;2971;1121;1
2971;2962;1122;1
2962;3266;1121;1
3266;2962;1122;1
2962;37;1129;1
37;2962;1130;1
2962;2623;1129;2
2623;2962;1130;2
2963;37;1129;1
37;2963;1130;1
2963;2962;1121;1
2962;2963;1122;1
2964;2623;1161;5
2623;2964;1162;5
2964;37;1161;1
37;2964;1162;1
2964;37;1129;1
37;2964;1130;1
2964;2623;1129;2
2623;2964;1130;2
2965;37;1129;1
37;2965;1130;1
2965;2964;1121;1
2964;2965;1122;1
2966;2623;1161;5
2623;2966;1162;5
2966;37;1161;1
37;2966;1162;1
2966;3266;1121;1
3266;2966;1122;1
2966;37;1129;1
37;2966;1130;1
2966;2623;1129;2
2623;2966;1130;2
2967;37;1129;1
37;2967;1130;1
2967;2966;1121;1
2966;2967;1122;1
2968;2623;1161;4
2623;2968;1162;4
2968;37;1129;1
37;2968;1130;1
2968;2623;1129;2
2623;2968;1130;2
2969;2623;1161;6
2623;2969;1162;6
2969;37;1129;1
37;2969;1130;1
2969;2623;1129;2
2623;2969;1130;2
2970;2971;1121;1
2971;2970;1122;1
2970;2623;1161;3
2623;2970;1162;3
2970;2623;1167;2
2623;2970;1168;2
2970;37;1129;1
37;2970;1130;1
2970;2623;1129;2
2623;2970;1130;2
2971;2623;1161;8
2623;2971;1162;8
2971;3259;1121;4
3259;2971;1122;4
2971;2623;1167;4
2623;2971;1168;4
2971;3269;1121;1
3269;2971;1122;1
2971;3295;1121;1
3295;2971;1122;1
2971;37;1167;1
37;2971;1168;1
2971;2623;1129;1
2623;2971;1130;1
2971;3296;1121;1
3296;2971;1122;1
2972;1366;1197;4
1366;2972;1198;4
2972;1347;1197;4
1347;2972;1198;4
2972;2625;1197;18
2625;2972;1198;18
2972;2686;1197;12
2686;2972;1198;12
2972;1343;1197;9
1343;2972;1198;9
2972;2778;1197;5
2778;2972;1198;5
2972;1344;1197;2
1344;2972;1198;2
2972;49;1197;7
49;2972;1198;7
2972;1336;1197;1
1336;2972;1198;1
2972;1348;1197;4
1348;2972;1198;4
2972;2781;1197;1
2781;2972;1198;1
2972;1349;1197;4
1349;2972;1198;4
2972;2780;1197;2
2780;2972;1198;2
2972;2775;1197;6
2775;2972;1198;6
2972;1329;1197;3
1329;2972;1198;3
2972;1346;1197;2
1346;2972;1198;2
2972;1350;1197;7
1350;2972;1198;7
2972;1371;1197;1
1371;2972;1198;1
2972;46;1197;6
46;2972;1198;6
2972;1345;1197;1
1345;2972;1198;1
2972;2779;1197;3
2779;2972;1198;3
2972;1373;1197;1
1373;2972;1198;1
2972;1284;1197;1
1284;2972;1198;1
2972;2771;1197;1
2771;2972;1198;1
2979;3289;1121;1
3289;2979;1122;1
2979;3294;1121;1
3294;2979;1122;1
2979;2623;1167;1
2623;2979;1168;1
2979;2623;1129;1
2623;2979;1130;1
2979;3285;1121;1
3285;2979;1122;1
2979;2623;1161;1
2623;2979;1162;1
2979;2971;1121;1
2971;2979;1122;1
2980;37;1167;2
37;2980;1168;2
2980;2623;1161;8
2623;2980;1162;8
2980;37;1161;5
37;2980;1162;5
2980;2979;1121;1
2979;2980;1122;1
2980;2623;1129;1
2623;2980;1130;1
2980;37;1129;1
37;2980;1130;1
2981;37;1167;10
37;2981;1168;10
2981;2623;1167;9
2623;2981;1168;9
2981;37;1161;10
37;2981;1162;10
2981;2623;1161;25
2623;2981;1162;25
2981;3263;1121;1
3263;2981;1122;1
2981;3131;1121;1
3131;2981;1122;1
2981;2971;1121;2
2971;2981;1122;2
2981;2980;1121;1
2980;2981;1122;1
2981;3296;1121;4
3296;2981;1122;4
2981;37;1129;4
37;2981;1130;4
2981;3133;1121;1
3133;2981;1122;1
2981;3295;1121;2
3295;2981;1122;2
2981;2623;1129;1
2623;2981;1130;1
2982;37;1161;9
37;2982;1162;9
2982;2623;1161;4
2623;2982;1162;4
2982;2623;1167;1
2623;2982;1168;1
2982;37;1167;2
37;2982;1168;2
2982;3138;1121;1
3138;2982;1122;1
2982;2971;1121;4
2971;2982;1122;4
2982;2980;1121;1
2980;2982;1122;1
2982;2623;1129;1
2623;2982;1130;1
2982;37;1129;1
37;2982;1130;1
2983;37;1161;3
37;2983;1162;3
2983;2623;1161;12
2623;2983;1162;12
2983;37;1167;3
37;2983;1168;3
2983;2982;1121;1
2982;2983;1122;1
2983;2981;1121;1
2981;2983;1122;1
2983;2979;1121;1
2979;2983;1122;1
2983;2623;1129;1
2623;2983;1130;1
2983;37;1129;1
37;2983;1130;1
2984;2623;1161;9
2623;2984;1162;9
2984;37;1161;5
37;2984;1162;5
2984;2983;1121;1
2983;2984;1122;1
2984;37;1167;3
37;2984;1168;3
2984;2623;1129;1
2623;2984;1130;1
2979;3289;1121;1
3289;2979;1122;1
2979;3294;1121;1
3294;2979;1122;1
2979;2623;1167;1
2623;2979;1168;1
2979;2623;1129;1
2623;2979;1130;1
2979;3285;1121;1
3285;2979;1122;1
2979;2623;1161;1
2623;2979;1162;1
2979;2971;1121;1
2971;2979;1122;1
2980;37;1167;2
37;2980;1168;2
2980;2623;1161;8
2623;2980;1162;8
2980;37;1161;5
37;2980;1162;5
2980;2979;1121;1
2979;2980;1122;1
2980;2623;1129;1
2623;2980;1130;1
2980;37;1129;1
37;2980;1130;1
2981;37;1167;10
37;2981;1168;10
2981;2623;1167;9
2623;2981;1168;9
2981;37;1161;10
37;2981;1162;10
2981;2623;1161;25
2623;2981;1162;25
2981;3263;1121;1
3263;2981;1122;1
2981;3131;1121;1
3131;2981;1122;1
2981;2971;1121;2
2971;2981;1122;2
2981;2980;1121;1
2980;2981;1122;1
2981;3296;1121;4
3296;2981;1122;4
2981;37;1129;4
37;2981;1130;4
2981;3133;1121;1
3133;2981;1122;1
2981;3295;1121;2
3295;2981;1122;2
2981;2623;1129;1
2623;2981;1130;1
2982;37;1161;9
37;2982;1162;9
2982;2623;1161;4
2623;2982;1162;4
2982;2623;1167;1
2623;2982;1168;1
2982;37;1167;2
37;2982;1168;2
2982;3138;1121;1
3138;2982;1122;1
2982;2971;1121;4
2971;2982;1122;4
2982;2980;1121;1
2980;2982;1122;1
2982;2623;1129;1
2623;2982;1130;1
2982;37;1129;1
37;2982;1130;1
2983;37;1161;3
37;2983;1162;3
2983;2623;1161;12
2623;2983;1162;12
2983;37;1167;3
37;2983;1168;3
2983;2982;1121;1
2982;2983;1122;1
2983;2981;1121;1
2981;2983;1122;1
2983;2979;1121;1
2979;2983;1122;1
2983;2623;1129;1
2623;2983;1130;1
2983;37;1129;1
37;2983;1130;1
2984;2623;1161;9
2623;2984;1162;9
2984;37;1161;5
37;2984;1162;5
2984;2983;1121;1
2983;2984;1122;1
2984;37;1167;3
37;2984;1168;3
2984;2623;1129;1
2623;2984;1130;1
2985;2623;1161;19
2623;2985;1162;19
2985;37;1167;6
37;2985;1168;6
2985;2982;1121;1
2982;2985;1122;1
2985;37;1161;6
37;2985;1162;6
2985;2983;1121;1
2983;2985;1122;1
2985;2979;1121;1
2979;2985;1122;1
2985;2623;1167;2
2623;2985;1168;2
2985;3263;1121;1
3263;2985;1122;1
2985;2984;1121;1
2984;2985;1122;1
2985;2971;1121;1
2971;2985;1122;1
2985;2623;1129;2
2623;2985;1130;2
2985;37;1129;2
37;2985;1130;2
2985;39;1129;1
39;2985;1130;1
2986;2985;1121;1
2985;2986;1122;1
2986;2623;1161;10
2623;2986;1162;10
2986;37;1161;5
37;2986;1162;5
2986;37;1167;2
37;2986;1168;2
2986;37;1129;1
37;2986;1130;1
2986;2623;1129;2
2623;2986;1130;2
2987;37;1129;1
37;2987;1130;1
2987;2986;1121;1
2986;2987;1122;1
2988;2623;1161;30
2623;2988;1162;30
2988;37;1167;7
37;2988;1168;7
2988;2623;1167;3
2623;2988;1168;3
2988;37;1161;10
37;2988;1162;10
2988;2971;1121;1
2971;2988;1122;1
2988;2984;1121;1
2984;2988;1122;1
2988;37;1129;1
37;2988;1130;1
2988;2623;1129;2
2623;2988;1130;2
2989;2623;1161;15
2623;2989;1162;15
2989;37;1167;3
37;2989;1168;3
2989;37;1161;7
37;2989;1162;7
2989;3263;1121;1
3263;2989;1122;1
2989;3279;1121;1
3279;2989;1122;1
2989;2983;1121;1
2983;2989;1122;1
2989;2623;1167;2
2623;2989;1168;2
2989;2984;1121;1
2984;2989;1122;1
2989;37;1129;1
37;2989;1130;1
2989;2623;1129;2
2623;2989;1130;2
2990;2623;1161;4
2623;2990;1162;4
2990;37;1161;1
37;2990;1162;1
2990;2981;1121;1
2981;2990;1122;1
2990;37;1129;1
37;2990;1130;1
2990;2623;1129;2
2623;2990;1130;2
2991;2623;1161;8
2623;2991;1162;8
2991;3296;1121;4
3296;2991;1122;4
2991;2971;1121;1
2971;2991;1122;1
2991;3290;1121;1
3290;2991;1122;1
2991;3139;1121;1
3139;2991;1122;1
2991;37;1129;1
37;2991;1130;1
2991;2623;1129;2
2623;2991;1130;2
2992;1347;1197;8
1347;2992;1198;8
2992;1340;1197;4
1340;2992;1198;4
2992;1343;1197;11
1343;2992;1198;11
2992;2625;1197;9
2625;2992;1198;9
2992;1329;1197;3
1329;2992;1198;3
2992;42;1195;1
42;2992;1196;1
2992;1315;1197;1
1315;2992;1198;1
2992;1346;1197;3
1346;2992;1198;3
2992;50;1197;2
50;2992;1198;2
2992;49;1197;6
49;2992;1198;6
2992;2686;1197;6
2686;2992;1198;6
2992;1336;1197;7
1336;2992;1198;7
2992;1366;1197;3
1366;2992;1198;3
2992;2776;1197;6
2776;2992;1198;6
2992;2771;1197;2
2771;2992;1198;2
2992;1349;1197;3
1349;2992;1198;3
2992;45;1197;1
45;2992;1198;1
2992;2772;1197;1
2772;2992;1198;1
2992;1284;1197;1
1284;2992;1198;1
2992;46;1197;3
46;2992;1198;3
2992;43;1197;1
43;2992;1198;1
2992;1317;1197;1
1317;2992;1198;1
2992;1370;1197;1
1370;2992;1198;1
2992;1365;1197;1
1365;2992;1198;1
2992;1344;1197;1
1344;2992;1198;1
2992;1348;1197;1
1348;2992;1198;1
2992;1337;1197;1
1337;2992;1198;1
2992;2781;1197;1
2781;2992;1198;1
2996;2623;1161;16
2623;2996;1162;16
2996;37;1167;6
37;2996;1168;6
2996;37;1161;1
37;2996;1162;1
2996;2971;1121;3
2971;2996;1122;3
2996;2623;1167;3
2623;2996;1168;3
2996;37;1129;4
37;2996;1130;4
2996;3296;1121;3
3296;2996;1122;3
2996;2228;1121;1
2228;2996;1122;1
2996;3295;1121;2
3295;2996;1122;2
2996;2623;1129;1
2623;2996;1130;1
2997;2971;1121;3
2971;2997;1122;3
2997;37;1161;11
37;2997;1162;11
2997;2231;1121;1
2231;2997;1122;1
2997;37;1167;4
37;2997;1168;4
2997;2240;1121;1
2240;2997;1122;1
2997;2623;1161;10
2623;2997;1162;10
2997;3289;1121;2
3289;2997;1122;2
2997;3294;1121;2
3294;2997;1122;2
2997;3274;1121;2
3274;2997;1122;2
2997;2996;1121;1
2996;2997;1122;1
2997;2623;1129;1
2623;2997;1130;1
2997;37;1129;1
37;2997;1130;1
2998;2623;1161;7
2623;2998;1162;7
2998;37;1167;3
37;2998;1168;3
2998;2997;1121;2
2997;2998;1122;2
2998;3282;1121;1
3282;2998;1122;1
2998;2623;1129;1
2623;2998;1130;1
2998;37;1129;1
37;2998;1130;1
2998;37;1161;1
37;2998;1162;1
2996;2623;1161;16
2623;2996;1162;16
2996;37;1167;6
37;2996;1168;6
2996;37;1161;1
37;2996;1162;1
2996;2971;1121;3
2971;2996;1122;3
2996;2623;1167;3
2623;2996;1168;3
2996;37;1129;4
37;2996;1130;4
2996;3296;1121;3
3296;2996;1122;3
2996;2228;1121;1
2228;2996;1122;1
2996;3295;1121;2
3295;2996;1122;2
2996;2623;1129;1
2623;2996;1130;1
2997;2971;1121;3
2971;2997;1122;3
2997;37;1161;11
37;2997;1162;11
2997;2231;1121;1
2231;2997;1122;1
2997;37;1167;4
37;2997;1168;4
2997;2240;1121;1
2240;2997;1122;1
2997;2623;1161;10
2623;2997;1162;10
2997;3289;1121;2
3289;2997;1122;2
2997;3294;1121;2
3294;2997;1122;2
2997;3274;1121;2
3274;2997;1122;2
2997;2996;1121;1
2996;2997;1122;1
2997;2623;1129;1
2623;2997;1130;1
2997;37;1129;1
37;2997;1130;1
2998;2623;1161;7
2623;2998;1162;7
2998;37;1167;3
37;2998;1168;3
2998;2997;1121;2
2997;2998;1122;2
2998;3282;1121;1
3282;2998;1122;1
2998;2623;1129;1
2623;2998;1130;1
2998;37;1129;1
37;2998;1130;1
2998;37;1161;1
37;2998;1162;1
2999;2997;1121;3
2997;2999;1122;3
2999;37;1167;6
37;2999;1168;6
2999;39;1129;2
39;2999;1130;2
2999;2623;1161;13
2623;2999;1162;13
2999;37;1161;4
37;2999;1162;4
2999;3263;1121;1
3263;2999;1122;1
2999;2623;1167;1
2623;2999;1168;1
2999;2998;1121;1
2998;2999;1122;1
2999;2971;1121;1
2971;2999;1122;1
2999;2996;1121;1
2996;2999;1122;1
2999;2623;1129;2
2623;2999;1130;2
2999;37;1129;2
37;2999;1130;2
3000;2623;1161;12
2623;3000;1162;12
3000;37;1167;3
37;3000;1168;3
3000;2999;1121;1
2999;3000;1122;1
3000;37;1161;5
37;3000;1162;5
3000;2623;1167;1
2623;3000;1168;1
3000;2998;1121;1
2998;3000;1122;1
3000;37;1129;2
37;3000;1130;2
3000;2623;1129;2
2623;3000;1130;2
3001;37;1129;1
37;3001;1130;1
3001;3259;1121;1
3259;3001;1122;1
3001;2999;1121;1
2999;3001;1122;1
3002;2623;1161;12
2623;3002;1162;12
3002;37;1167;3
37;3002;1168;3
3002;3273;1121;1
3273;3002;1122;1
3002;2998;1121;1
2998;3002;1122;1
3002;37;1161;1
37;3002;1162;1
3002;2997;1121;1
2997;3002;1122;1
3002;2996;1121;1
2996;3002;1122;1
3002;2623;1167;1
2623;3002;1168;1
3002;2623;1129;2
2623;3002;1130;2
3002;37;1129;2
37;3002;1130;2
3002;1113;1129;1
1113;3002;1130;1
3003;37;1129;1
37;3003;1130;1
3003;1113;1129;1
1113;3003;1130;1
3003;3002;1121;1
3002;3003;1122;1
3004;2623;1161;5
2623;3004;1162;5
3004;2997;1121;1
2997;3004;1122;1
3004;2623;1167;1
2623;3004;1168;1
3004;2998;1121;1
2998;3004;1122;1
3004;37;1129;1
37;3004;1130;1
3004;2623;1129;2
2623;3004;1130;2
3005;2623;1161;9
2623;3005;1162;9
3005;2235;1121;1
2235;3005;1122;1
3005;2623;1167;3
2623;3005;1168;3
3005;37;1161;1
37;3005;1162;1
3005;2997;1121;1
2997;3005;1122;1
3005;2998;1121;1
2998;3005;1122;1
3005;37;1129;2
37;3005;1130;2
3005;2623;1129;2
2623;3005;1130;2
3006;3296;1121;4
3296;3006;1122;4
3006;2623;1161;12
2623;3006;1162;12
3006;3290;1121;1
3290;3006;1122;1
3006;2971;1121;1
2971;3006;1122;1
3006;2241;1121;1
2241;3006;1122;1
3006;2997;1121;1
2997;3006;1122;1
3006;2623;1167;1
2623;3006;1168;1
3006;2998;1121;1
2998;3006;1122;1
3006;37;1129;1
37;3006;1130;1
3006;2623;1129;2
2623;3006;1130;2
3007;1448;1197;10
1448;3007;1198;10
3007;3023;1197;19
3023;3007;1198;19
3007;43;1197;1
43;3007;1198;1
3007;1350;1197;2
1350;3007;1198;2
3007;49;1197;3
49;3007;1198;3
3007;51;1197;16
51;3007;1198;16
3007;1343;1197;2
1343;3007;1198;2
3007;3024;1197;2
3024;3007;1198;2
3007;3017;1197;1
3017;3007;1198;1
3007;1428;1197;2
1428;3007;1198;2
3007;3021;1197;9
3021;3007;1198;9
3007;3022;1197;16
3022;3007;1198;16
3007;1347;1197;4
1347;3007;1198;4
3007;3020;1197;6
3020;3007;1198;6
3007;1366;1197;10
1366;3007;1198;10
3007;1452;1197;1
1452;3007;1198;1
3007;3018;1197;1
3018;3007;1198;1
3007;1349;1197;1
1349;3007;1198;1
3007;1443;1197;1
1443;3007;1198;1
3007;3016;1197;1
3016;3007;1198;1
3007;46;1197;1
46;3007;1198;1
3007;1453;1197;1
1453;3007;1198;1
3007;1449;1197;4
1449;3007;1198;4
3007;3025;1197;3
3025;3007;1198;3
3007;1348;1197;1
1348;3007;1198;1
3007;1330;1197;1
1330;3007;1198;1
3007;1351;1197;1
1351;3007;1198;1
3007;1344;1197;1
1344;3007;1198;1
3007;3019;1197;2
3019;3007;1198;2
3008;3010;1197;1
3010;3008;1198;1
3008;46;1197;1
46;3008;1198;1
3008;51;1197;3
51;3008;1198;3
3008;36;1197;1
36;3008;1198;1
3008;3009;1197;1
3009;3008;1198;1
3012;51;1197;4
51;3012;1198;4
3012;3011;1197;1
3011;3012;1198;1
3014;46;1197;1
46;3014;1198;1
3014;36;1197;1
36;3014;1198;1
3152;3008;1167;16
3008;3152;1168;16
3152;3008;1143;7
3008;3152;1144;7
3152;3008;1129;5
3008;3152;1130;5
3114;3012;1167;6
3012;3114;1168;6
3114;37;1167;7
37;3114;1168;7
3114;3012;1143;4
3012;3114;1144;4
3114;3008;1161;9
3008;3114;1162;9
3114;3012;1161;11
3012;3114;1162;11
3114;37;1161;6
37;3114;1162;6
3114;3008;1129;3
3008;3114;1130;3
3114;3012;1129;2
3012;3114;1130;2
3114;37;1129;1
37;3114;1130;1
3108;3012;1167;4
3012;3108;1168;4
3108;3012;1129;1
3012;3108;1130;1
3108;3008;1129;2
3008;3108;1130;2
3107;3012;1167;6
3012;3107;1168;6
3107;37;1167;5
37;3107;1168;5
3107;3248;1129;1
3248;3107;1130;1
3107;2070;1129;1
2070;3107;1130;1
3107;37;1129;7
37;3107;1130;7
3107;37;1161;4
37;3107;1162;4
3107;3012;1129;3
3012;3107;1130;3
3107;3257;1123;1
3257;3107;1124;1
3107;3256;1123;1
3256;3107;1124;1
3107;39;1129;1
39;3107;1130;1
3108;3012;1167;4
3012;3108;1168;4
3108;3012;1129;1
3012;3108;1130;1
3108;3008;1129;2
3008;3108;1130;2
3109;37;1167;19
37;3109;1168;19
3109;3012;1161;94
3012;3109;1162;94
3109;3012;1143;28
3012;3109;1144;28
3109;3012;1167;56
3012;3109;1168;56
3109;3008;1161;49
3008;3109;1162;49
3109;37;1161;8
37;3109;1162;8
3109;3114;1121;1
3114;3109;1122;1
3109;3152;1121;3
3152;3109;1122;3
3109;3008;1143;3
3008;3109;1144;3
3109;3008;1129;5
3008;3109;1130;5
3109;3263;1121;1
3263;3109;1122;1
3109;3108;1121;1
3108;3109;1122;1
3109;3012;1129;2
3012;3109;1130;2
3109;37;1129;3
37;3109;1130;3
3110;37;1167;1
37;3110;1168;1
3110;37;1161;5
37;3110;1162;5
3110;39;1129;1
39;3110;1130;1
3110;37;1129;2
37;3110;1130;2
3111;51;1197;11
51;3111;1198;11
3111;1449;1197;4
1449;3111;1198;4
3111;3113;1197;22
3113;3111;1198;22
3111;3112;1197;6
3112;3111;1198;6
3111;43;1197;2
43;3111;1198;2
3111;36;1197;1
36;3111;1198;1
3114;3012;1167;6
3012;3114;1168;6
3114;37;1167;7
37;3114;1168;7
3114;3012;1143;4
3012;3114;1144;4
3114;3008;1161;9
3008;3114;1162;9
3114;3012;1161;11
3012;3114;1162;11
3114;37;1161;6
37;3114;1162;6
3114;3008;1129;3
3008;3114;1130;3
3114;3012;1129;2
3012;3114;1130;2
3114;37;1129;1
37;3114;1130;1
3115;1443;1197;10
1443;3115;1198;10
3115;51;1197;51
51;3115;1198;51
3115;1448;1197;15
1448;3115;1198;15
3115;49;1197;16
49;3115;1198;16
3115;3126;1197;2
3126;3115;1198;2
3115;1428;1197;6
1428;3115;1198;6
3115;1366;1197;59
1366;3115;1198;59
3115;3123;1197;18
3123;3115;1198;18
3115;3124;1197;19
3124;3115;1198;19
3115;1343;1197;12
1343;3115;1198;12
3115;3119;1197;2
3119;3115;1198;2
3115;1449;1197;4
1449;3115;1198;4
3115;3117;1197;4
3117;3115;1198;4
3115;3120;1197;3
3120;3115;1198;3
3115;1349;1197;6
1349;3115;1198;6
3115;1452;1197;4
1452;3115;1198;4
3115;1455;1197;2
1455;3115;1198;2
3115;3121;1197;11
3121;3115;1198;11
3115;3013;1195;8
3013;3115;1196;8
3115;1347;1197;19
1347;3115;1198;19
3115;3125;1197;21
3125;3115;1198;21
3115;3116;1197;2
3116;3115;1198;2
3115;1342;1197;4
1342;3115;1198;4
3115;1351;1197;1
1351;3115;1198;1
3115;1431;1197;1
1431;3115;1198;1
3115;1344;1197;1
1344;3115;1198;1
3115;3122;1197;6
3122;3115;1198;6
3115;1453;1197;5
1453;3115;1198;5
3115;46;1197;3
46;3115;1198;3
3115;1350;1197;2
1350;3115;1198;2
3115;1348;1197;4
1348;3115;1198;4
3115;1330;1197;1
1330;3115;1198;1
3115;43;1197;1
43;3115;1198;1
3115;1341;1197;1
1341;3115;1198;1
3115;1345;1197;1
1345;3115;1198;1
3115;3011;1197;1
3011;3115;1198;1
3115;1365;1197;2
1365;3115;1198;2
3115;1340;1197;2
1340;3115;1198;2
3115;3118;1197;1
3118;3115;1198;1
3136;3012;1167;4
3012;3136;1168;4
3136;3012;1129;1
3012;3136;1130;1
3136;3008;1129;2
3008;3136;1130;2
3137;3012;1167;11
3012;3137;1168;11
3137;3012;1161;20
3012;3137;1162;20
3137;3263;1121;3
3263;3137;1122;3
3137;37;1161;3
37;3137;1162;3
3137;3012;1129;2
3012;3137;1130;2
3137;37;1129;1
37;3137;1130;1
3137;39;1129;1
39;3137;1130;1
3130;3012;1167;13
3012;3130;1168;13
3130;3012;1161;3
3012;3130;1162;3
3130;3012;1143;1
3012;3130;1144;1
3130;37;1167;4
37;3130;1168;4
3130;3012;1129;2
3012;3130;1130;2
3130;37;1129;1
37;3130;1130;1
3130;37;1161;2
37;3130;1162;2
3131;3130;1121;1
3130;3131;1122;1
3131;3012;1129;2
3012;3131;1130;2
3131;3012;1167;3
3012;3131;1168;3
3131;37;1129;1
37;3131;1130;1
3131;37;1161;2
37;3131;1162;2
3132;3012;1167;3
3012;3132;1168;3
3132;3131;1121;1
3131;3132;1122;1
3132;37;1161;4
37;3132;1162;4
3132;3012;1161;3
3012;3132;1162;3
3132;39;1129;1
39;3132;1130;1
3132;3012;1129;2
3012;3132;1130;2
3132;37;1129;1
37;3132;1130;1
3133;37;1161;6
37;3133;1162;6
3133;39;1129;2
39;3133;1130;2
3133;37;1167;6
37;3133;1168;6
3133;3248;1129;1
3248;3133;1130;1
3133;2070;1129;1
2070;3133;1130;1
3133;37;1129;7
37;3133;1130;7
3133;3012;1167;1
3012;3133;1168;1
3133;3132;1121;1
3132;3133;1122;1
3133;3012;1129;3
3012;3133;1130;3
3133;3257;1123;1
3257;3133;1124;1
3133;3256;1123;1
3256;3133;1124;1
3134;37;1129;1
37;3134;1130;1
3134;3133;1121;1
3133;3134;1122;1
3135;3012;1167;4
3012;3135;1168;4
3135;3012;1161;2
3012;3135;1162;2
3135;3012;1129;2
3012;3135;1130;2
3135;37;1129;1
37;3135;1130;1
3135;37;1161;2
37;3135;1162;2
3136;3012;1167;4
3012;3136;1168;4
3136;3012;1129;1
3012;3136;1130;1
3136;3008;1129;2
3008;3136;1130;2
3137;3012;1167;11
3012;3137;1168;11
3137;3012;1161;20
3012;3137;1162;20
3137;3263;1121;3
3263;3137;1122;3
3137;37;1161;3
37;3137;1162;3
3137;3012;1129;2
3012;3137;1130;2
3137;37;1129;1
37;3137;1130;1
3137;39;1129;1
39;3137;1130;1
3138;3012;1143;97
3012;3138;1144;97
3138;3012;1161;182
3012;3138;1162;182
3138;37;1167;53
37;3138;1168;53
3138;37;1161;31
37;3138;1162;31
3138;2031;1121;4
2031;3138;1122;4
3138;3012;1167;126
3012;3138;1168;126
3138;2061;1121;12
2061;3138;1122;12
3138;3137;1121;1
3137;3138;1122;1
3138;3008;1161;53
3008;3138;1162;53
3138;3114;1121;1
3114;3138;1122;1
3138;3008;1129;5
3008;3138;1130;5
3138;3152;1121;3
3152;3138;1122;3
3138;3008;1143;3
3008;3138;1144;3
3138;3263;1121;2
3263;3138;1122;2
3138;3136;1121;1
3136;3138;1122;1
3138;3012;1129;2
3012;3138;1130;2
3138;37;1129;1
37;3138;1130;1
3139;37;1167;1
37;3139;1168;1
3139;37;1161;8
37;3139;1162;8
3139;39;1129;2
39;3139;1130;2
3139;3012;1161;2
3012;3139;1162;2
3139;37;1129;2
37;3139;1130;2
3139;3012;1129;2
3012;3139;1130;2
3140;3012;1161;10
3012;3140;1162;10
3140;3263;1121;2
3263;3140;1122;2
3140;37;1161;2
37;3140;1162;2
3140;3012;1129;2
3012;3140;1130;2
3140;37;1129;1
37;3140;1130;1
3140;39;1129;2
39;3140;1130;2
3141;3012;1167;2
3012;3141;1168;2
3141;3012;1143;3
3012;3141;1144;3
3141;2031;1121;2
2031;3141;1122;2
3141;3012;1161;4
3012;3141;1162;4
3141;3137;1121;1
3137;3141;1122;1
3141;37;1161;2
37;3141;1162;2
3141;3012;1129;2
3012;3141;1130;2
3141;37;1129;1
37;3141;1130;1
3141;39;1129;2
39;3141;1130;2
3142;37;1167;1
37;3142;1168;1
3142;37;1161;2
37;3142;1162;2
3142;3012;1129;2
3012;3142;1130;2
3142;3012;1161;1
3012;3142;1162;1
3142;3012;1167;1
3012;3142;1168;1
3142;37;1129;2
37;3142;1130;2
3144;3012;1143;3
3012;3144;1144;3
3144;3131;1121;1
3131;3144;1122;1
3144;37;1167;5
37;3144;1168;5
3144;3012;1167;7
3012;3144;1168;7
3144;3012;1161;9
3012;3144;1162;9
3144;37;1161;7
37;3144;1162;7
3144;3143;1121;2
3143;3144;1122;2
3144;3012;1129;2
3012;3144;1130;2
3144;37;1129;1
37;3144;1130;1
3145;3012;1129;2
3012;3145;1130;2
3145;3012;1161;2
3012;3145;1162;2
3145;3012;1143;1
3012;3145;1144;1
3145;37;1129;1
37;3145;1130;1
3145;37;1161;2
37;3145;1162;2
3146;37;1167;1
37;3146;1168;1
3146;3248;1129;1
3248;3146;1130;1
3146;2070;1129;1
2070;3146;1130;1
3146;37;1129;8
37;3146;1130;8
3146;3012;1161;17
3012;3146;1162;17
3146;3263;1121;3
3263;3146;1122;3
3146;3012;1167;4
3012;3146;1168;4
3146;39;1129;5
39;3146;1130;5
3146;3012;1129;6
3012;3146;1130;6
3146;37;1161;10
37;3146;1162;10
3147;3012;1129;2
3012;3147;1130;2
3147;3012;1167;2
3012;3147;1168;2
3147;37;1129;1
37;3147;1130;1
3147;37;1161;2
37;3147;1162;2
3148;3012;1161;6
3012;3148;1162;6
3148;3012;1143;2
3012;3148;1144;2
3148;3012;1129;2
3012;3148;1130;2
3148;37;1129;1
37;3148;1130;1
3148;37;1161;2
37;3148;1162;2
3149;51;1197;7
51;3149;1198;7
3149;3009;1197;2
3009;3149;1198;2
3149;36;1197;1
36;3149;1198;1
3149;3150;1197;6
3150;3149;1198;6
3149;3010;1197;2
3010;3149;1198;2
3152;3008;1167;16
3008;3152;1168;16
3152;3008;1143;7
3008;3152;1144;7
3152;3008;1129;5
3008;3152;1130;5
3153;46;1197;6
46;3153;1198;6
3153;3156;1197;6
3156;3153;1198;6
3153;2276;1197;3
2276;3153;1198;3
3153;3154;1197;3
3154;3153;1198;3
3153;2278;1197;6
2278;3153;1198;6
3153;1343;1197;2
1343;3153;1198;2
3153;3158;1197;2
3158;3153;1198;2
3153;3160;1197;4
3160;3153;1198;4
3153;2655;1197;1
2655;3153;1198;1
3153;2277;1197;6
2277;3153;1198;6
3153;10;1195;1
10;3153;1196;1
3153;41;1195;2
41;3153;1196;2
3153;1320;1197;9
1320;3153;1198;9
3153;3157;1197;1
3157;3153;1198;1
3153;3155;1197;4
3155;3153;1198;4
3153;3159;1197;2
3159;3153;1198;2
3153;42;1195;1
42;3153;1196;1
3168;3272;1121;1
3272;3168;1122;1
3168;3262;1121;1
3262;3168;1122;1
3168;3153;1125;1
3153;3168;1126;1
3168;3284;1121;1
3284;3168;1122;1
3169;2969;1121;1
2969;3169;1122;1
3169;3293;1121;1
3293;3169;1122;1
3169;2949;1121;1
2949;3169;1122;1
3169;3168;1121;2
3168;3169;1122;2
3169;3291;1121;1
3291;3169;1122;1
3169;3284;1121;1
3284;3169;1122;1
3169;2999;1121;1
2999;3169;1122;1
3169;2254;1129;1
2254;3169;1130;1
3169;37;1129;1
37;3169;1130;1
3169;3283;1121;1
3283;3169;1122;1
3169;3268;1121;1
3268;3169;1122;1
3170;3168;1121;4
3168;3170;1122;4
3170;2949;1121;1
2949;3170;1122;1
3170;2969;1121;1
2969;3170;1122;1
3170;3287;1121;1
3287;3170;1122;1
3170;3293;1121;1
3293;3170;1122;1
3170;37;1129;1
37;3170;1130;1
3170;2254;1129;1
2254;3170;1130;1
3170;2985;1121;1
2985;3170;1122;1
3171;3284;1121;3
3284;3171;1122;3
3171;3169;1121;1
3169;3171;1122;1
3171;3270;1121;1
3270;3171;1122;1
3171;2956;1121;1
2956;3171;1122;1
3171;3272;1121;2
3272;3171;1122;2
3171;3262;1121;2
3262;3171;1122;2
3171;3153;1125;2
3153;3171;1126;2
3171;3269;1121;1
3269;3171;1122;1
3171;3280;1121;1
3280;3171;1122;1
3171;3291;1121;1
3291;3171;1122;1
3171;2254;1129;1
2254;3171;1130;1
3171;37;1129;1
37;3171;1130;1
3171;3259;1121;2
3259;3171;1122;2
3172;3170;1121;1
3170;3172;1122;1
3172;3270;1121;1
3270;3172;1122;1
3172;3284;1121;3
3284;3172;1122;3
3172;3280;1121;1
3280;3172;1122;1
3172;3291;1121;1
3291;3172;1122;1
3172;2956;1121;1
2956;3172;1122;1
3172;3272;1121;2
3272;3172;1122;2
3172;3262;1121;2
3262;3172;1122;2
3172;3153;1125;2
3153;3172;1126;2
3172;3269;1121;2
3269;3172;1122;2
3172;3275;1121;1
3275;3172;1122;1
3172;3259;1121;2
3259;3172;1122;2
3172;2254;1129;1
2254;3172;1130;1
3172;37;1129;1
37;3172;1130;1
3172;57;1129;1
57;3172;1130;1
3173;3262;1121;10
3262;3173;1122;10
3173;3168;1121;3
3168;3173;1122;3
3173;3169;1121;2
3169;3173;1122;2
3173;3171;1121;1
3171;3173;1122;1
3173;2254;1129;1
2254;3173;1130;1
3173;3291;1121;1
3291;3173;1122;1
3173;2958;1121;3
2958;3173;1122;3
3173;3278;1121;6
3278;3173;1122;6
3173;3170;1121;2
3170;3173;1122;2
3173;3172;1121;1
3172;3173;1122;1
3173;3280;1121;1
3280;3173;1122;1
3173;2956;1121;1
2956;3173;1122;1
3173;3272;1121;1
3272;3173;1122;1
3173;3153;1125;1
3153;3173;1126;1
3173;3286;1121;3
3286;3173;1122;3
3173;3275;1121;7
3275;3173;1122;7
3173;37;1129;1
37;3173;1130;1
3173;3269;1121;1
3269;3173;1122;1
3173;3153;1155;1
3153;3173;1156;1
3173;3267;1121;1
3267;3173;1122;1
3168;3272;1121;1
3272;3168;1122;1
3168;3262;1121;1
3262;3168;1122;1
3168;3153;1125;1
3153;3168;1126;1
3168;3284;1121;1
3284;3168;1122;1
3169;2969;1121;1
2969;3169;1122;1
3169;3293;1121;1
3293;3169;1122;1
3169;2949;1121;1
2949;3169;1122;1
3169;3168;1121;2
3168;3169;1122;2
3169;3291;1121;1
3291;3169;1122;1
3169;3284;1121;1
3284;3169;1122;1
3169;2999;1121;1
2999;3169;1122;1
3169;2254;1129;1
2254;3169;1130;1
3169;37;1129;1
37;3169;1130;1
3169;3283;1121;1
3283;3169;1122;1
3169;3268;1121;1
3268;3169;1122;1
3170;3168;1121;4
3168;3170;1122;4
3170;2949;1121;1
2949;3170;1122;1
3170;2969;1121;1
2969;3170;1122;1
3170;3287;1121;1
3287;3170;1122;1
3170;3293;1121;1
3293;3170;1122;1
3170;37;1129;1
37;3170;1130;1
3170;2254;1129;1
2254;3170;1130;1
3170;2985;1121;1
2985;3170;1122;1
3171;3284;1121;3
3284;3171;1122;3
3171;3169;1121;1
3169;3171;1122;1
3171;3270;1121;1
3270;3171;1122;1
3171;2956;1121;1
2956;3171;1122;1
3171;3272;1121;2
3272;3171;1122;2
3171;3262;1121;2
3262;3171;1122;2
3171;3153;1125;2
3153;3171;1126;2
3171;3269;1121;1
3269;3171;1122;1
3171;3280;1121;1
3280;3171;1122;1
3171;3291;1121;1
3291;3171;1122;1
3171;2254;1129;1
2254;3171;1130;1
3171;37;1129;1
37;3171;1130;1
3171;3259;1121;2
3259;3171;1122;2
3172;3170;1121;1
3170;3172;1122;1
3172;3270;1121;1
3270;3172;1122;1
3172;3284;1121;3
3284;3172;1122;3
3172;3280;1121;1
3280;3172;1122;1
3172;3291;1121;1
3291;3172;1122;1
3172;2956;1121;1
2956;3172;1122;1
3172;3272;1121;2
3272;3172;1122;2
3172;3262;1121;2
3262;3172;1122;2
3172;3153;1125;2
3153;3172;1126;2
3172;3269;1121;2
3269;3172;1122;2
3172;3275;1121;1
3275;3172;1122;1
3172;3259;1121;2
3259;3172;1122;2
3172;2254;1129;1
2254;3172;1130;1
3172;37;1129;1
37;3172;1130;1
3172;57;1129;1
57;3172;1130;1
3173;3262;1121;10
3262;3173;1122;10
3173;3168;1121;3
3168;3173;1122;3
3173;3169;1121;2
3169;3173;1122;2
3173;3171;1121;1
3171;3173;1122;1
3173;2254;1129;1
2254;3173;1130;1
3173;3291;1121;1
3291;3173;1122;1
3173;2958;1121;3
2958;3173;1122;3
3173;3278;1121;6
3278;3173;1122;6
3173;3170;1121;2
3170;3173;1122;2
3173;3172;1121;1
3172;3173;1122;1
3173;3280;1121;1
3280;3173;1122;1
3173;2956;1121;1
2956;3173;1122;1
3173;3272;1121;1
3272;3173;1122;1
3173;3153;1125;1
3153;3173;1126;1
3173;3286;1121;3
3286;3173;1122;3
3173;3275;1121;7
3275;3173;1122;7
3173;37;1129;1
37;3173;1130;1
3173;3269;1121;1
3269;3173;1122;1
3173;3153;1155;1
3153;3173;1156;1
3173;3267;1121;1
3267;3173;1122;1
3174;2079;1197;5
2079;3174;1198;5
3174;3184;1197;14
3184;3174;1198;14
3174;1446;1197;9
1446;3174;1198;9
3174;3182;1197;10
3182;3174;1198;10
3174;46;1197;16
46;3174;1198;16
3174;1428;1197;39
1428;3174;1198;39
3174;1448;1197;11
1448;3174;1198;11
3174;2089;1197;11
2089;3174;1198;11
3174;2091;1197;27
2091;3174;1198;27
3174;2093;1197;4
2093;3174;1198;4
3174;1434;1197;2
1434;3174;1198;2
3174;1447;1197;2
1447;3174;1198;2
3174;2088;1197;24
2088;3174;1198;24
3174;2074;1197;4
2074;3174;1198;4
3174;42;1195;2
42;3174;1196;2
3174;2090;1197;2
2090;3174;1198;2
3174;2076;1197;3
2076;3174;1198;3
3174;36;1197;6
36;3174;1198;6
3174;3187;1197;2
3187;3174;1198;2
3174;3177;1197;2
3177;3174;1198;2
3174;2077;1197;5
2077;3174;1198;5
3174;3178;1197;2
3178;3174;1198;2
3174;3185;1197;6
3185;3174;1198;6
3174;1362;1197;2
1362;3174;1198;2
3174;3179;1197;2
3179;3174;1198;2
3174;2097;1197;2
2097;3174;1198;2
3174;1361;1197;2
1361;3174;1198;2
3174;3176;1197;3
3176;3174;1198;3
3174;3183;1197;4
3183;3174;1198;4
3174;1433;1197;1
1433;3174;1198;1
3174;2078;1197;2
2078;3174;1198;2
3174;1451;1197;2
1451;3174;1198;2
3174;3175;1197;1
3175;3174;1198;1
3174;2075;1197;2
2075;3174;1198;2
3174;3186;1197;1
3186;3174;1198;1
3174;2080;1197;1
2080;3174;1198;1
3174;1359;1197;1
1359;3174;1198;1
3174;2073;1197;1
2073;3174;1198;1
3174;1435;1197;1
1435;3174;1198;1
3174;1364;1197;1
1364;3174;1198;1
3174;34;1151;1
34;3174;1152;1
3174;2070;1151;4
2070;3174;1152;4
3174;3181;1147;2
3181;3174;1148;2
3174;3174;1147;3
3174;3174;1148;3
3181;2076;1197;2
2076;3181;1198;2
3181;1428;1197;4
1428;3181;1198;4
3181;2075;1197;1
2075;3181;1198;1
3181;1436;1197;1
1436;3181;1198;1
3181;36;1197;2
36;3181;1198;2
3181;3180;1197;1
3180;3181;1198;1
3181;1437;1197;1
1437;3181;1198;1
3181;2073;1197;1
2073;3181;1198;1
3181;2070;1151;4
2070;3181;1152;4
3181;34;1151;2
34;3181;1152;2
3225;2070;1167;8
2070;3225;1168;8
3225;2070;1161;8
2070;3225;1162;8
3225;2070;1129;1
2070;3225;1130;1
3226;2070;1161;35
2070;3226;1162;35
3226;2070;1129;2
2070;3226;1130;2
3227;2070;1167;6
2070;3227;1168;6
3227;34;1129;5
34;3227;1130;5
3227;2070;1161;38
2070;3227;1162;38
3227;3174;1161;4
3174;3227;1162;4
3227;39;1129;1
39;3227;1130;1
3227;2070;1129;4
2070;3227;1130;4
3228;3241;1121;1
3241;3228;1122;1
3228;2070;1161;3
2070;3228;1162;3
3228;2070;1167;1
2070;3228;1168;1
3228;2070;1129;1
2070;3228;1130;1
3228;34;1129;3
34;3228;1130;3
3229;2070;1129;6
2070;3229;1130;6
3229;3228;1121;1
3228;3229;1122;1
3229;2070;1161;50
2070;3229;1162;50
3229;3227;1121;1
3227;3229;1122;1
3229;3226;1121;3
3226;3229;1122;3
3229;2070;1167;11
2070;3229;1168;11
3229;34;1129;2
34;3229;1130;2
3229;3174;1161;2
3174;3229;1162;2
3230;2070;1161;27
2070;3230;1162;27
3230;2070;1167;6
2070;3230;1168;6
3230;34;1129;1
34;3230;1130;1
3230;2070;1129;2
2070;3230;1130;2
3231;34;1129;48
34;3231;1130;48
3231;2070;1161;129
2070;3231;1162;129
3231;2070;1167;56
2070;3231;1168;56
3231;2070;1129;2
2070;3231;1130;2
3232;2070;1161;10
2070;3232;1162;10
3232;2070;1167;1
2070;3232;1168;1
3232;2070;1129;4
2070;3232;1130;4
3232;3174;1125;1
3174;3232;1126;1
3232;3229;1121;1
3229;3232;1122;1
3232;3230;1121;2
3230;3232;1122;2
3233;3231;1121;2
3231;3233;1122;2
3233;2070;1161;48
2070;3233;1162;48
3233;2070;1129;3
2070;3233;1130;3
3233;2070;1167;28
2070;3233;1168;28
3233;34;1129;24
34;3233;1130;24
3233;3174;1125;2
3174;3233;1126;2
3239;2070;1161;88
2070;3239;1162;88
3239;34;1129;36
34;3239;1130;36
3239;2070;1167;42
2070;3239;1168;42
3239;3174;1125;2
3174;3239;1126;2
3239;3181;1125;5
3181;3239;1126;5
3239;2070;1129;3
2070;3239;1130;3
3240;2070;1161;15
2070;3240;1162;15
3240;2070;1129;1
2070;3240;1130;1
3243;2070;1167;5
2070;3243;1168;5
3243;2070;1161;11
2070;3243;1162;11
3243;39;1129;1
39;3243;1130;1
3243;34;1129;3
34;3243;1130;3
3243;2070;1129;1
2070;3243;1130;1
3242;39;1129;1
39;3242;1130;1
3242;2070;1167;7
2070;3242;1168;7
3242;2070;1161;11
2070;3242;1162;11
3242;34;1129;3
34;3242;1130;3
3242;2070;1129;1
2070;3242;1130;1
3244;34;1129;10
34;3244;1130;10
3244;2070;1161;10
2070;3244;1162;10
3244;2070;1167;5
2070;3244;1168;5
3244;2070;1129;1
2070;3244;1130;1
3244;39;1129;1
39;3244;1130;1
3244;3243;1121;1
3243;3244;1122;1
3224;2070;1167;8
2070;3224;1168;8
3224;3225;1121;1
3225;3224;1122;1
3224;2070;1161;9
2070;3224;1162;9
3224;3174;1141;3
3174;3224;1142;3
3224;2070;1129;1
2070;3224;1130;1
3224;3223;1121;1
3223;3224;1122;1
3225;2070;1167;8
2070;3225;1168;8
3225;2070;1161;8
2070;3225;1162;8
3225;2070;1129;1
2070;3225;1130;1
3226;2070;1161;35
2070;3226;1162;35
3226;2070;1129;2
2070;3226;1130;2
3227;2070;1167;6
2070;3227;1168;6
3227;34;1129;5
34;3227;1130;5
3227;2070;1161;38
2070;3227;1162;38
3227;3174;1161;4
3174;3227;1162;4
3227;39;1129;1
39;3227;1130;1
3227;2070;1129;4
2070;3227;1130;4
3228;3241;1121;1
3241;3228;1122;1
3228;2070;1161;3
2070;3228;1162;3
3228;2070;1167;1
2070;3228;1168;1
3228;2070;1129;1
2070;3228;1130;1
3228;34;1129;3
34;3228;1130;3
3229;2070;1129;6
2070;3229;1130;6
3229;3228;1121;1
3228;3229;1122;1
3229;2070;1161;50
2070;3229;1162;50
3229;3227;1121;1
3227;3229;1122;1
3229;3226;1121;3
3226;3229;1122;3
3229;2070;1167;11
2070;3229;1168;11
3229;34;1129;2
34;3229;1130;2
3229;3174;1161;2
3174;3229;1162;2
3230;2070;1161;27
2070;3230;1162;27
3230;2070;1167;6
2070;3230;1168;6
3230;34;1129;1
34;3230;1130;1
3230;2070;1129;2
2070;3230;1130;2
3231;34;1129;48
34;3231;1130;48
3231;2070;1161;129
2070;3231;1162;129
3231;2070;1167;56
2070;3231;1168;56
3231;2070;1129;2
2070;3231;1130;2
3232;2070;1161;10
2070;3232;1162;10
3232;2070;1167;1
2070;3232;1168;1
3232;2070;1129;4
2070;3232;1130;4
3232;3174;1125;1
3174;3232;1126;1
3232;3229;1121;1
3229;3232;1122;1
3232;3230;1121;2
3230;3232;1122;2
3233;3231;1121;2
3231;3233;1122;2
3233;2070;1161;48
2070;3233;1162;48
3233;2070;1129;3
2070;3233;1130;3
3233;2070;1167;28
2070;3233;1168;28
3233;34;1129;24
34;3233;1130;24
3233;3174;1125;2
3174;3233;1126;2
3234;2070;1161;10
2070;3234;1162;10
3234;2070;1167;7
2070;3234;1168;7
3234;3244;1121;1
3244;3234;1122;1
3234;34;1129;7
34;3234;1130;7
3234;2070;1129;1
2070;3234;1130;1
3234;39;1129;1
39;3234;1130;1
3235;2070;1129;1
2070;3235;1130;1
3235;3242;1121;1
3242;3235;1122;1
3236;3242;1121;1
3242;3236;1122;1
3236;2070;1161;26
2070;3236;1162;26
3236;34;1129;12
34;3236;1130;12
3236;2070;1167;14
2070;3236;1168;14
3236;3181;1125;3
3181;3236;1126;3
3236;2070;1129;1
2070;3236;1130;1
3237;2070;1161;34
2070;3237;1162;34
3237;2070;1129;7
2070;3237;1130;7
3237;3225;1121;1
3225;3237;1122;1
3237;3243;1121;1
3243;3237;1122;1
3237;3239;1121;2
3239;3237;1122;2
3237;3233;1121;1
3233;3237;1122;1
3237;2070;1167;14
2070;3237;1168;14
3237;34;1129;14
34;3237;1130;14
3237;3181;1125;2
3181;3237;1126;2
3237;3232;1121;1
3232;3237;1122;1
3237;3234;1121;1
3234;3237;1122;1
3237;3229;1121;2
3229;3237;1122;2
3237;37;1167;1
37;3237;1168;1
3237;3240;1121;1
3240;3237;1122;1
3237;37;1161;1
37;3237;1162;1
3237;39;1129;1
39;3237;1130;1
3238;2070;1161;22
2070;3238;1162;22
3238;2070;1167;5
2070;3238;1168;5
3238;3181;1125;6
3181;3238;1126;6
3238;34;1129;2
34;3238;1130;2
3238;2070;1129;1
2070;3238;1130;1
3239;2070;1161;88
2070;3239;1162;88
3239;34;1129;36
34;3239;1130;36
3239;2070;1167;42
2070;3239;1168;42
3239;3174;1125;2
3174;3239;1126;2
3239;3181;1125;5
3181;3239;1126;5
3239;2070;1129;3
2070;3239;1130;3
3240;2070;1161;15
2070;3240;1162;15
3240;2070;1129;1
2070;3240;1130;1
3242;39;1129;1
39;3242;1130;1
3242;2070;1167;7
2070;3242;1168;7
3242;2070;1161;11
2070;3242;1162;11
3242;34;1129;3
34;3242;1130;3
3242;2070;1129;1
2070;3242;1130;1
3243;2070;1167;5
2070;3243;1168;5
3243;2070;1161;11
2070;3243;1162;11
3243;39;1129;1
39;3243;1130;1
3243;34;1129;3
34;3243;1130;3
3243;2070;1129;1
2070;3243;1130;1
3244;34;1129;10
34;3244;1130;10
3244;2070;1161;10
2070;3244;1162;10
3244;2070;1167;5
2070;3244;1168;5
3244;2070;1129;1
2070;3244;1130;1
3244;39;1129;1
39;3244;1130;1
3244;3243;1121;1
3243;3244;1122;1
3245;1350;1197;3
1350;3245;1198;3
3245;1345;1197;1
1345;3245;1198;1
3245;1369;1197;1
1369;3245;1198;1
3245;1344;1197;1
1344;3245;1198;1
3245;49;1197;1
49;3245;1198;1
3245;43;1197;1
43;3245;1198;1
3245;1340;1197;1
1340;3245;1198;1
3245;1348;1197;1
1348;3245;1198;1
3245;1343;1197;1
1343;3245;1198;1
3247;37;1161;4
37;3247;1162;4
3247;3139;1121;2
3139;3247;1122;2
3247;37;1129;7
37;3247;1130;7
3247;3138;1121;1
3138;3247;1122;1
3247;3134;1121;1
3134;3247;1122;1
3247;39;1129;9
39;3247;1130;9
3247;37;1167;6
37;3247;1168;6
3248;2624;1197;2
2624;3248;1198;2
3248;42;1195;2
42;3248;1196;2
3248;49;1197;3
49;3248;1198;3
3248;1328;1197;1
1328;3248;1198;1
3248;1442;1195;1
1442;3248;1196;1
3248;1429;1197;1
1429;3248;1198;1
3248;43;1197;1
43;3248;1198;1
3248;1330;1197;1
1330;3248;1198;1
3254;39;1129;9
39;3254;1130;9
3255;3248;1125;1
3248;3255;1126;1
3256;39;1129;7
39;3256;1130;7
3256;3295;1121;1
3295;3256;1122;1
3256;3264;1121;1
3264;3256;1122;1
3257;39;1129;2
39;3257;1130;2
3257;3296;1121;1
3296;3257;1122;1
