9;7;35
28;7;179
34;7;253
37;7;1768
39;7;511
52;7;123
57;7;2057
60;7;2958
1042;7;357
1113;7;144
1307;7;97
1313;7;31
1318;7;77
1374;7;426
1382;7;932
9;39;8
9;40;27
9;44;2402342912
28;39;20
28;12;1391
28;40;3
28;18;1
28;13;30
28;11;24
28;15;1
28;14;15
28;44;1552453376
34;39;42
34;12;1405
34;40;91
34;18;8
34;13;41
34;11;32
34;15;1
34;14;57
34;16;7
34;44;1660609408
37;39;121
37;12;74822
37;40;33
37;18;1
37;13;1403
37;11;124
37;15;1
37;14;58
37;44;2019235968
39;39;45
39;12;3497
39;40;201
39;18;7
39;13;85
39;11;44
39;14;179
39;16;7
39;44;2042918528
52;39;19
52;12;1346
52;40;19
52;18;1
52;13;51
52;11;39
52;14;65
52;16;1
52;44;354941984
57;39;259
57;12;3741
57;40;333
57;18;3
57;13;102
57;11;76
57;14;277
57;16;3
57;44;80369488
60;39;499
60;12;45511
60;40;105
60;18;2
60;13;1040
60;11;459
60;15;1
60;14;1332
60;16;1
60;44;3183158016
1042;39;66
1042;12;1518
1042;40;14
1042;13;88
1042;11;25
1042;14;139
1042;44;970292352
1113;39;36
1113;12;365
1113;40;43
1113;13;18
1113;11;5
1113;14;31
1113;44;209936336
1307;39;25
1307;12;604
1307;40;36
1307;18;1
1307;13;25
1307;11;13
1307;14;9
1307;16;1
1307;44;1150399488
1313;39;7
1313;12;337
1313;40;5
1313;18;1
1313;13;14
1313;11;2
1313;14;1
1313;16;1
1313;44;1732733824
1318;39;16
1318;12;422
1318;40;25
1318;18;1
1318;13;18
1318;11;6
1318;14;10
1318;16;1
1318;44;423660928
1374;39;45
1374;12;636
1374;40;104
1374;18;1
1374;13;27
1374;11;15
1374;14;13
1374;16;1
1374;44;4008329216
1382;39;171
1382;12;3706
1382;40;2
1382;18;2
1382;13;118
1382;11;80
1382;14;1
1382;16;2
1382;44;1049414272
39;47;0.000001
39;34;0.062973
1113;47;0.000001
1113;34;0.062973
57;47;0.000001
57;8;3
57;34;0.062973
1500;84;5
1500;65;5
1500;68;2
1500;72;2
1500;81;8
1505;84;6
1505;65;6
1505;68;4
1505;72;4
1505;78;4
1505;79;1
1505;81;16
1511;84;20
1511;65;20
1511;68;10
1511;72;10
1511;78;4
1511;79;1
1511;81;184
1307;47;0.000001
1307;34;0.062973
1318;47;0.000001
1318;34;0.062973
37;47;0.000001
37;8;3
37;34;0.062973
1547;84;16
1547;65;20
1547;68;7
1547;72;7
1547;78;3
1547;79;1
1547;81;56
1564;84;15
1564;65;16
1564;68;13
1564;72;13
1564;78;3
1564;79;1
1564;81;52
1612;84;5
1612;65;5
1612;68;3
1612;72;3
1612;78;1
1612;79;1
1612;81;16
1374;47;0.000001
1374;19;2
1374;20;2
1374;23;1
1374;25;13
1374;26;10
1374;27;4
1374;28;2
1374;31;14
1374;33;2
1374;34;0.073085
1374;38;35.604511
1677;162;5
1677;129;7
1677;130;6
1677;131;4
1677;132;4
1677;133;4
1677;137;2
1677;138;1
1677;139;1
1677;140;2
1677;142;1
1677;146;1
1677;134;1
1677;135;2
1677;164;2
1677;165;2
1677;166;2
1677;151;1
1677;155;8
1677;156;8
1677;163;8
1743;162;5
1743;129;7
1743;130;7
1743;131;4
1743;132;6
1743;133;5
1743;137;2
1743;138;1
1743;139;1
1743;140;2
1743;142;1
1743;146;1
1743;134;1
1743;135;2
1743;164;2
1743;165;2
1743;166;2
1743;151;1
1743;155;8
1743;156;8
1743;163;8
1382;47;0.000001
1382;8;8
1382;34;0.062973
1797;84;4
1797;65;4
1797;68;2
1797;72;2
1797;81;8
1801;84;4
1801;65;4
1801;68;2
1801;72;2
1801;81;8
1805;84;4
1805;65;4
1805;68;2
1805;72;2
1805;81;16
1808;84;3
1808;65;3
1808;68;1
1808;72;1
1808;78;1
1808;79;1
1808;81;10
1810;84;3
1810;65;3
1810;68;1
1810;72;1
1810;81;8
1812;84;3
1812;65;3
1812;68;1
1812;72;1
1812;81;4
1814;84;3
1814;65;6
1814;68;1
1814;72;1
1814;81;8
1816;84;3
1816;65;3
1816;68;1
1816;72;1
1816;78;1
1816;79;1
1816;81;12
34;47;0.000001
34;34;0.062973
28;47;0.000001
28;19;4
28;20;2
28;21;17
28;22;65
28;23;3
28;25;343
28;26;269
28;27;21
28;28;25
28;29;5
28;30;158
28;31;110
28;32;5
28;33;188
28;24;6.011267
28;34;0.981122
28;38;770.357544
28;42;7
28;43;16
2031;162;55
2031;129;69
2031;130;284
2031;131;15
2031;132;226
2031;133;20
2031;137;3
2031;141;147
2031;142;165
2031;143;5
2031;144;7
2031;146;3
2031;147;2
2031;148;2
2031;134;4
2031;135;13
2031;164;13
2031;165;13
2031;166;13
2031;136;3.178054
2031;149;65
2031;150;12
2031;151;16
2031;152;2
2031;154;8
2031;155;12
2031;163;20
2032;162;23
2032;129;27
2032;130;51
2032;131;13
2032;132;41
2032;133;15
2032;137;3
2032;141;11
2032;142;21
2032;144;5
2032;146;2
2032;147;1
2032;148;3
2032;134;2
2032;135;6
2032;164;6
2032;165;6
2032;166;6
2032;136;2.833213
2032;149;7
2032;150;5
2032;151;7
2032;152;3
2032;154;12
2032;155;16
2032;163;28
2033;162;7
2033;129;7
2033;130;4
2033;131;4
2033;132;1
2033;133;1
2033;137;3
2033;138;1
2033;139;1
2033;140;3
2033;142;1
2033;146;1
2033;134;1
2033;135;1
2033;164;1
2033;165;1
2033;166;1
2033;151;1
2033;155;12
2033;156;16
2033;163;12
2034;162;7
2034;129;7
2034;130;4
2034;131;4
2034;132;1
2034;133;1
2034;137;3
2034;138;1
2034;139;1
2034;140;3
2034;142;1
2034;146;1
2034;134;1
2034;135;1
2034;164;1
2034;165;1
2034;166;1
2034;151;1
2034;155;16
2034;156;16
2034;163;16
60;47;0.000001
60;34;0.062973
2035;7;80
2035;39;10
2035;12;1148
2035;40;2
2035;18;1
2035;13;23
2035;11;6
2035;15;1
2035;14;1
2035;44;1118816000
2037;84;1
2037;65;1
2037;68;1
2037;72;1
2037;81;4
2035;47;0.000001
2035;19;3
2035;20;4
2035;21;3
2035;22;4
2035;23;2
2035;25;66
2035;26;64
2035;27;7
2035;28;9
2035;29;2
2035;30;12
2035;31;51
2035;32;2
2035;33;23
2035;24;1.386294
2035;34;0.274058
2035;38;205.010529
2035;42;6
2035;43;11
2039;162;28
2039;129;37
2039;130;52
2039;131;24
2039;132;51
2039;133;12
2039;137;5
2039;138;3
2039;139;4
2039;140;8
2039;141;12
2039;142;21
2039;144;3
2039;146;2
2039;147;1
2039;148;2
2039;134;4
2039;135;5
2039;164;5
2039;165;5
2039;166;5
2039;136;1.386294
2039;149;4
2039;150;3
2039;151;7
2039;152;2
2039;154;60
2039;155;20
2039;156;32
2039;163;80
2040;162;8
2040;129;8
2040;130;6
2040;131;6
2040;132;3
2040;133;3
2040;137;4
2040;138;1
2040;139;1
2040;140;5
2040;142;1
2040;146;1
2040;134;1
2040;135;1
2040;164;1
2040;165;1
2040;166;1
2040;151;1
2040;155;16
2040;156;20
2040;163;16
2041;162;6
2041;129;6
2041;130;8
2041;131;5
2041;132;10
2041;133;3
2041;137;1
2041;142;1
2041;146;1
2041;134;1
2041;135;1
2041;164;1
2041;165;1
2041;166;1
2041;151;1
2041;155;4
2041;163;4
2042;7;425
2046;7;441
2042;39;55
2042;12;5119
2042;40;30
2042;18;3
2042;13;107
2042;11;57
2042;15;2
2042;14;12
2042;16;1
2042;44;3166571264
2046;39;1
2046;12;84
2046;40;2
2046;13;3
2046;11;1
2046;44;1865956992
2042;47;0.000001
2042;19;9
2042;20;7
2042;21;26
2042;22;17
2042;23;3
2042;25;695
2042;26;732
2042;27;34
2042;28;38
2042;29;11
2042;30;90
2042;31;199
2042;32;11
2042;33;139
2042;35;86
2042;24;13.053142
2042;34;0.999986
2042;38;792.408752
2042;42;7
2042;43;17
2060;162;4
2060;129;8
2060;130;2
2060;131;1
2060;132;1
2060;133;1
2060;142;1
2060;146;1
2060;134;1
2060;135;1
2060;164;1
2060;165;1
2060;166;1
2060;151;1
2060;153;1
2060;155;0
2060;160;1
2060;163;0
2061;162;24
2061;129;33
2061;130;109
2061;131;14
2061;132;135
2061;133;16
2061;137;3
2061;138;2
2061;139;2
2061;140;6
2061;141;12
2061;142;23
2061;143;2
2061;144;4
2061;145;1
2061;146;3
2061;147;2
2061;148;1
2061;134;4
2061;135;7
2061;164;7
2061;165;7
2061;166;7
2061;136;2.197225
2061;149;9
2061;150;7
2061;151;10
2061;152;1
2061;153;9
2061;154;4
2061;155;12
2061;156;24
2061;163;16
2062;162;29
2062;129;32
2062;130;236
2062;131;17
2062;132;251
2062;133;16
2062;137;3
2062;141;28
2062;142;36
2062;143;4
2062;144;1
2062;146;3
2062;147;1
2062;148;2
2062;134;1
2062;135;6
2062;164;7
2062;165;6
2062;166;7
2062;136;3.178054
2062;149;17
2062;150;5
2062;151;6
2062;152;2
2062;153;38
2062;154;8
2062;155;12
2062;163;20
2063;162;31
2063;129;34
2063;130;263
2063;131;18
2063;132;305
2063;133;19
2063;137;3
2063;141;30
2063;142;38
2063;143;4
2063;144;1
2063;146;3
2063;147;1
2063;148;2
2063;134;1
2063;135;6
2063;164;7
2063;165;6
2063;166;7
2063;136;3.178054
2063;149;17
2063;150;5
2063;151;6
2063;152;2
2063;153;38
2063;154;8
2063;155;12
2063;163;20
2064;162;14
2064;129;15
2064;130;11
2064;131;5
2064;132;6
2064;133;6
2064;137;2
2064;141;4
2064;142;8
2064;143;1
2064;144;1
2064;146;3
2064;147;2
2064;148;1
2064;134;1
2064;135;3
2064;164;3
2064;165;3
2064;166;3
2064;136;1.098612
2064;149;2
2064;150;2
2064;151;3
2064;152;1
2064;154;4
2064;155;8
2064;163;12
2065;162;8
2065;129;9
2065;130;11
2065;131;6
2065;132;7
2065;133;5
2065;137;2
2065;138;1
2065;139;1
2065;140;2
2065;141;2
2065;142;4
2065;143;1
2065;146;2
2065;147;2
2065;148;1
2065;135;2
2065;164;2
2065;165;2
2065;166;2
2065;136;0.693147
2065;149;2
2065;150;1
2065;151;1
2065;152;1
2065;154;4
2065;155;8
2065;156;8
2065;163;12
2066;162;34
2066;129;54
2066;130;55
2066;131;13
2066;132;25
2066;133;12
2066;137;3
2066;138;2
2066;139;6
2066;140;12
2066;141;14
2066;142;27
2066;143;2
2066;144;4
2066;146;3
2066;147;1
2066;148;4
2066;134;2
2066;135;7
2066;164;7
2066;165;7
2066;166;7
2066;136;2.708050
2066;149;3
2066;150;6
2066;151;9
2066;152;4
2066;154;264
2066;155;16
2066;156;48
2066;163;280
2067;162;7
2067;129;7
2067;130;4
2067;131;4
2067;132;1
2067;133;1
2067;137;3
2067;138;1
2067;139;1
2067;140;3
2067;142;1
2067;146;1
2067;134;1
2067;135;1
2067;164;1
2067;165;1
2067;166;1
2067;151;1
2067;155;12
2067;156;16
2067;163;12
2068;162;7
2068;129;7
2068;130;4
2068;131;4
2068;132;1
2068;133;1
2068;137;3
2068;138;1
2068;139;1
2068;140;3
2068;142;1
2068;146;1
2068;134;1
2068;135;1
2068;164;1
2068;165;1
2068;166;1
2068;151;1
2068;155;16
2068;156;16
2068;163;16
2046;47;0.000001
2046;10;1
2046;34;0.062973
2046;41;8192
2069;7;1967
2070;7;346
2069;39;205
2069;12;24582
2069;40;81
2069;18;1
2069;13;533
2069;11;222
2069;15;1
2069;14;11
2069;44;4101344256
2070;39;64
2070;12;7601
2070;40;12
2070;18;1
2070;13;180
2070;11;97
2070;15;1
2070;14;31
2070;44;4139081472
2070;47;0.000001
2070;8;3
2070;34;0.062973
2111;84;10
2111;65;10
2111;81;4
2113;84;4
2113;65;4
2113;68;2
2113;72;2
2113;81;2
2123;84;5
2123;65;5
2123;68;3
2123;72;3
2123;78;2
2123;79;1
2123;81;12
2131;84;61
2131;65;177
2131;68;37
2131;72;37
2131;78;5
2131;79;1
2131;81;5828
2069;47;0.000001
2069;8;2
2069;10;2
2069;19;25
2069;20;66
2069;21;243
2069;22;19
2069;23;6
2069;25;2710
2069;26;3555
2069;27;305
2069;28;318
2069;29;82
2069;30;605
2069;31;1523
2069;32;78
2069;33;1005
2069;35;78
2069;24;87.444504
2069;34;1
2069;38;1518.810181
2069;41;188
2069;42;8
2069;43;17
2219;84;7
2219;65;7
2219;68;5
2219;72;5
2219;81;12
2121;84;1
2121;65;1
2121;68;1
2121;72;1
2121;81;4
2227;162;9
2227;129;10
2227;130;9
2227;131;8
2227;132;1
2227;133;1
2227;137;4
2227;138;1
2227;139;1
2227;140;8
2227;142;1
2227;146;1
2227;134;1
2227;135;1
2227;164;1
2227;165;1
2227;166;1
2227;151;1
2227;155;16
2227;156;32
2227;163;16
2228;162;77
2228;129;108
2228;130;183
2228;131;54
2228;132;239
2228;133;20
2228;137;8
2228;138;7
2228;139;7
2228;140;17
2228;141;38
2228;142;59
2228;144;11
2228;145;1
2228;146;3
2228;147;1
2228;148;4
2228;134;6
2228;135;12
2228;164;25
2228;165;12
2228;166;25
2228;136;5.135798
2228;149;19
2228;150;12
2228;151;17
2228;152;4
2228;153;1
2228;154;12
2228;155;32
2228;156;8
2228;163;44
2229;162;58
2229;129;67
2229;130;122
2229;131;41
2229;132;143
2229;133;23
2229;137;3
2229;138;3
2229;139;4
2229;140;8
2229;141;35
2229;142;50
2229;143;2
2229;144;5
2229;146;3
2229;147;1
2229;148;6
2229;134;3
2229;135;8
2229;164;13
2229;165;8
2229;166;13
2229;136;2.995732
2229;149;6
2229;150;7
2229;151;10
2229;152;5
2229;154;24
2229;155;12
2229;156;32
2229;163;36
2230;162;25
2230;129;33
2230;130;49
2230;131;24
2230;132;50
2230;133;10
2230;137;1
2230;138;3
2230;139;3
2230;140;7
2230;141;11
2230;142;16
2230;144;2
2230;146;2
2230;147;1
2230;148;1
2230;134;2
2230;135;5
2230;164;8
2230;165;5
2230;166;8
2230;136;1.098612
2230;149;6
2230;150;2
2230;151;4
2230;152;1
2230;154;4
2230;155;4
2230;156;28
2230;163;8
2231;162;9
2231;129;10
2231;130;8
2231;131;6
2231;132;5
2231;133;4
2231;137;1
2231;138;2
2231;139;2
2231;140;2
2231;141;2
2231;142;5
2231;144;1
2231;146;2
2231;147;1
2231;148;1
2231;134;1
2231;135;2
2231;164;2
2231;165;2
2231;166;2
2231;136;0.693147
2231;149;1
2231;150;1
2231;151;2
2231;152;1
2231;154;4
2231;155;4
2231;156;8
2231;163;8
2232;162;9
2232;129;9
2232;130;11
2232;131;7
2232;132;14
2232;133;7
2232;137;2
2232;141;1
2232;142;6
2232;144;2
2232;146;2
2232;147;1
2232;134;3
2232;135;3
2232;164;4
2232;165;3
2232;166;4
2232;136;1.098612
2232;150;2
2232;151;5
2232;155;8
2232;163;8
2233;162;12
2233;129;12
2233;130;14
2233;131;7
2233;132;16
2233;133;8
2233;137;3
2233;141;2
2233;142;7
2233;144;3
2233;146;2
2233;147;2
2233;134;2
2233;135;4
2233;164;5
2233;165;4
2233;166;5
2233;136;1.609438
2233;149;1
2233;150;3
2233;151;5
2233;155;12
2233;163;12
2234;162;23
2234;129;24
2234;130;38
2234;131;18
2234;132;42
2234;133;19
2234;137;3
2234;138;1
2234;139;1
2234;140;1
2234;141;8
2234;142;17
2234;143;1
2234;144;3
2234;146;3
2234;147;2
2234;148;2
2234;134;3
2234;135;5
2234;164;6
2234;165;5
2234;166;6
2234;136;1.609438
2234;149;5
2234;150;4
2234;151;7
2234;152;2
2234;154;8
2234;155;12
2234;156;4
2234;163;20
2235;162;31
2235;129;39
2235;130;60
2235;131;26
2235;132;66
2235;133;13
2235;137;3
2235;138;1
2235;139;1
2235;140;2
2235;141;11
2235;142;23
2235;144;6
2235;146;3
2235;147;1
2235;148;3
2235;134;3
2235;135;7
2235;164;14
2235;165;7
2235;166;14
2235;136;2.708050
2235;149;5
2235;150;6
2235;151;9
2235;152;3
2235;153;6
2235;154;12
2235;155;12
2235;156;8
2235;163;24
2236;162;16
2236;129;17
2236;130;16
2236;131;13
2236;132;16
2236;133;6
2236;137;5
2236;141;5
2236;142;9
2236;144;1
2236;146;2
2236;147;1
2236;148;1
2236;134;2
2236;135;2
2236;164;3
2236;165;2
2236;166;3
2236;136;0.693147
2236;150;1
2236;151;3
2236;152;1
2236;154;4
2236;155;20
2236;163;24
2237;162;46
2237;129;56
2237;130;71
2237;131;33
2237;132;73
2237;133;13
2237;137;2
2237;141;12
2237;142;35
2237;143;2
2237;144;8
2237;145;3
2237;146;5
2237;147;2
2237;148;4
2237;134;3
2237;135;14
2237;164;16
2237;165;14
2237;166;16
2237;136;4.394449
2237;149;1
2237;150;13
2237;151;16
2237;152;3
2237;154;16
2237;155;8
2237;163;24
2238;162;7
2238;129;7
2238;130;10
2238;131;6
2238;132;18
2238;133;8
2238;137;2
2238;141;4
2238;142;4
2238;146;1
2238;147;1
2238;135;1
2238;164;1
2238;165;1
2238;166;1
2238;155;8
2238;163;8
2239;162;19
2239;129;21
2239;130;29
2239;131;13
2239;132;27
2239;133;7
2239;137;1
2239;138;2
2239;139;2
2239;140;4
2239;141;10
2239;142;16
2239;144;3
2239;146;2
2239;147;1
2239;148;2
2239;134;1
2239;135;4
2239;164;4
2239;165;4
2239;166;4
2239;136;1.791760
2239;149;6
2239;150;3
2239;151;4
2239;152;2
2239;154;8
2239;155;4
2239;156;16
2239;163;12
2240;162;442
2240;129;312
2240;130;597
2240;131;84
2240;132;822
2240;133;30
2240;137;2
2240;138;10
2240;139;28
2240;140;61
2240;141;134
2240;142;217
2240;143;3
2240;144;56
2240;145;12
2240;146;6
2240;147;3
2240;148;10
2240;134;11
2240;135;74
2240;164;98
2240;165;72
2240;166;96
2240;136;19.893534
2240;149;16
2240;150;71
2240;151;73
2240;152;10
2240;153;10
2240;154;40
2240;155;8
2240;156;236
2240;160;5
2240;163;24
2241;162;23
2241;129;29
2241;130;52
2241;131;19
2241;132;97
2241;133;12
2241;137;1
2241;138;5
2241;139;5
2241;140;10
2241;141;11
2241;142;21
2241;144;6
2241;146;2
2241;147;1
2241;148;1
2241;134;3
2241;135;8
2241;164;15
2241;165;4
2241;166;11
2241;136;2.890372
2241;149;1
2241;150;6
2241;151;9
2241;152;1
2241;154;4
2241;155;4
2241;163;8
2242;162;39
2242;129;54
2242;130;120
2242;131;33
2242;132;180
2242;133;15
2242;137;2
2242;138;7
2242;139;12
2242;140;34
2242;141;22
2242;142;32
2242;144;3
2242;146;2
2242;147;1
2242;148;3
2242;134;4
2242;135;4
2242;164;9
2242;165;4
2242;166;9
2242;136;1.386294
2242;149;8
2242;150;3
2242;151;7
2242;152;3
2242;154;12
2242;155;8
2242;156;76
2242;163;20
2243;162;20
2243;129;26
2243;130;34
2243;131;17
2243;132;27
2243;133;8
2243;137;3
2243;138;3
2243;139;3
2243;140;9
2243;141;7
2243;142;14
2243;144;4
2243;145;1
2243;146;3
2243;147;1
2243;148;1
2243;134;2
2243;135;5
2243;164;5
2243;165;5
2243;166;5
2243;136;2.079442
2243;149;2
2243;150;5
2243;151;6
2243;152;1
2243;154;4
2243;155;12
2243;156;36
2243;163;16
2244;162;17
2244;129;27
2244;130;44
2244;131;30
2244;132;59
2244;133;11
2244;137;1
2244;138;1
2244;139;1
2244;140;3
2244;141;15
2244;142;15
2244;146;1
2244;147;1
2244;135;1
2244;164;1
2244;165;1
2244;166;1
2244;153;4
2244;155;4
2244;156;12
2244;163;4
2245;162;53
2245;129;142
2245;130;109
2245;131;29
2245;132;145
2245;133;24
2245;137;2
2245;141;15
2245;142;39
2245;143;2
2245;144;6
2245;146;4
2245;147;2
2245;148;12
2245;134;2
2245;135;10
2245;164;22
2245;165;10
2245;166;22
2245;136;4.158883
2245;149;3
2245;150;8
2245;151;12
2245;152;12
2245;154;42
2245;155;8
2245;163;50
2246;162;75
2246;129;143
2246;130;174
2246;131;38
2246;132;215
2246;133;28
2246;137;1
2246;138;3
2246;139;4
2246;140;12
2246;141;36
2246;142;61
2246;143;4
2246;144;12
2246;145;2
2246;146;5
2246;147;3
2246;148;8
2246;135;19
2246;164;22
2246;165;19
2246;166;22
2246;136;6.406880
2246;149;6
2246;150;18
2246;151;18
2246;152;7
2246;154;32
2246;155;4
2246;156;48
2246;163;32
2247;162;38
2247;129;56
2247;130;149
2247;131;30
2247;132;173
2247;133;17
2247;137;2
2247;138;3
2247;139;9
2247;140;21
2247;141;35
2247;142;58
2247;143;1
2247;144;12
2247;146;4
2247;147;2
2247;148;2
2247;134;7
2247;135;22
2247;164;24
2247;165;10
2247;166;12
2247;136;4.736198
2247;149;7
2247;150;13
2247;151;21
2247;152;2
2247;153;11
2247;154;8
2247;155;8
2247;156;84
2247;160;8
2247;163;16
2248;162;258
2248;129;95
2248;130;224
2248;131;52
2248;132;333
2248;133;27
2248;137;2
2248;138;4
2248;139;8
2248;140;18
2248;141;49
2248;142;76
2248;143;2
2248;144;13
2248;145;2
2248;146;5
2248;147;2
2248;148;5
2248;134;6
2248;135;24
2248;164;27
2248;165;14
2248;166;17
2248;136;5.894403
2248;149;9
2248;150;17
2248;151;22
2248;152;5
2248;153;12
2248;154;12
2248;155;8
2248;156;72
2248;160;6
2248;163;19
2249;162;276
2249;129;124
2249;130;288
2249;131;60
2249;132;411
2249;133;29
2249;137;2
2249;138;4
2249;139;10
2249;140;23
2249;141;65
2249;142;100
2249;143;2
2249;144;18
2249;145;2
2249;146;6
2249;147;3
2249;148;7
2249;134;7
2249;135;30
2249;164;37
2249;165;19
2249;166;26
2249;136;7.057037
2249;149;10
2249;150;22
2249;151;28
2249;152;7
2249;153;13
2249;154;17
2249;155;8
2249;156;92
2249;160;6
2249;163;23
2250;162;56
2250;129;68
2250;130;192
2250;131;45
2250;132;256
2250;133;24
2250;137;2
2250;138;3
2250;139;7
2250;140;16
2250;141;47
2250;142;75
2250;143;2
2250;144;13
2250;145;1
2250;146;5
2250;147;2
2250;148;7
2250;134;6
2250;135;23
2250;164;35
2250;165;13
2250;166;25
2250;136;5.616771
2250;149;11
2250;150;16
2250;151;22
2250;152;6
2250;153;12
2250;154;20
2250;155;8
2250;156;64
2250;160;6
2250;163;27
2251;162;30
2251;129;34
2251;130;107
2251;131;32
2251;132;127
2251;133;14
2251;137;2
2251;138;3
2251;139;7
2251;140;16
2251;141;30
2251;142;49
2251;143;1
2251;144;9
2251;146;5
2251;147;2
2251;148;2
2251;134;6
2251;135;17
2251;164;17
2251;165;8
2251;166;8
2251;136;3.496508
2251;149;9
2251;150;10
2251;151;17
2251;152;2
2251;153;9
2251;154;5
2251;155;8
2251;156;64
2251;160;6
2251;163;13
2252;7;601
2254;7;726
2295;7;129
2252;39;109
2252;12;2480
2252;40;14
2252;18;4
2252;13;73
2252;11;42
2252;15;1
2252;14;3
2252;16;3
2252;44;741934784
2254;39;113
2254;12;1704
2254;40;179
2254;18;2
2254;13;60
2254;11;31
2254;14;92
2254;16;2
2254;44;1726443136
2295;39;19
2295;12;271
2295;40;8
2295;18;1
2295;13;14
2295;11;4
2295;14;3
2295;16;1
2295;44;2278180608
2254;47;0.000001
2254;8;1
2254;34;0.062973
2318;84;10
2318;65;10
2318;68;8
2318;72;8
2318;78;3
2318;79;1
2318;81;32
2295;47;0.000001
2295;19;4
2295;20;4
2295;23;1
2295;25;52
2295;26;54
2295;27;4
2295;28;4
2295;29;4
2295;30;6
2295;31;26
2295;32;4
2295;33;14
2295;34;0.074708
2295;38;108.149574
2537;162;9
2537;129;9
2537;130;20
2537;131;9
2537;132;26
2537;133;10
2537;137;3
2537;138;1
2537;139;1
2537;140;5
2537;141;3
2537;142;6
2537;146;1
2537;147;1
2537;148;2
2537;134;1
2537;135;1
2537;164;1
2537;165;1
2537;166;1
2537;151;1
2537;152;2
2537;154;8
2537;155;12
2537;156;20
2537;163;20
2538;162;4
2538;129;4
2538;130;7
2538;131;6
2538;132;3
2538;133;3
2538;137;4
2538;138;1
2538;139;1
2538;140;5
2538;142;1
2538;146;1
2538;134;1
2538;135;1
2538;164;1
2538;165;1
2538;166;1
2538;151;1
2538;155;16
2538;156;20
2538;163;16
2539;162;9
2539;129;9
2539;130;19
2539;131;10
2539;132;24
2539;133;10
2539;137;4
2539;138;1
2539;139;1
2539;140;5
2539;141;3
2539;142;6
2539;146;1
2539;147;1
2539;148;2
2539;134;1
2539;135;1
2539;164;1
2539;165;1
2539;166;1
2539;151;1
2539;152;2
2539;154;8
2539;155;16
2539;156;20
2539;163;24
2540;162;4
2540;129;4
2540;130;6
2540;131;6
2540;132;1
2540;133;1
2540;137;5
2540;138;1
2540;139;1
2540;140;5
2540;142;1
2540;146;1
2540;134;1
2540;135;1
2540;164;1
2540;165;1
2540;166;1
2540;151;1
2540;155;20
2540;156;20
2540;163;20
2252;47;0.000001
2252;10;5
2252;19;11
2252;20;112
2252;21;72
2252;22;8
2252;23;4
2252;25;1074
2252;26;851
2252;27;78
2252;28;70
2252;29;29
2252;30;280
2252;31;471
2252;32;28
2252;33;378
2252;35;36
2252;24;40.725784
2252;34;1
2252;38;1003.506470
2252;41;32
2252;42;6
2252;43;18
2611;162;18
2611;129;22
2611;130;55
2611;131;26
2611;132;36
2611;133;8
2611;137;4
2611;138;9
2611;139;15
2611;140;28
2611;141;12
2611;142;17
2611;144;3
2611;145;1
2611;146;2
2611;147;1
2611;148;2
2611;135;4
2611;164;4
2611;165;2
2611;166;2
2611;136;2.079442
2611;149;3
2611;150;4
2611;151;3
2611;152;2
2611;153;3
2611;154;8
2611;155;16
2611;156;124
2611;160;3
2611;163;24
2612;162;68
2612;129;80
2612;130;181
2612;131;62
2612;132;148
2612;133;17
2612;137;3
2612;138;19
2612;139;59
2612;140;86
2612;141;33
2612;142;48
2612;144;11
2612;145;2
2612;146;2
2612;147;1
2612;148;4
2612;135;13
2612;164;14
2612;165;12
2612;166;13
2612;136;7.624619
2612;149;3
2612;150;13
2612;151;11
2612;152;4
2612;153;3
2612;154;16
2612;155;12
2612;156;346
2612;160;3
2612;163;28
2613;162;28
2613;129;34
2613;130;85
2613;131;36
2613;132;73
2613;133;14
2613;137;2
2613;138;7
2613;139;17
2613;140;30
2613;141;24
2613;142;35
2613;143;2
2613;144;5
2613;146;3
2613;147;1
2613;148;3
2613;135;8
2613;164;9
2613;165;4
2613;166;5
2613;136;3.871201
2613;149;4
2613;150;7
2613;151;8
2613;152;3
2613;153;4
2613;154;64
2613;155;8
2613;156;143
2613;160;4
2613;163;72
2614;162;30
2614;129;37
2614;130;83
2614;131;39
2614;132;68
2614;133;12
2614;137;4
2614;138;9
2614;139;18
2614;140;30
2614;141;23
2614;142;32
2614;143;1
2614;144;5
2614;145;1
2614;146;3
2614;147;1
2614;148;2
2614;135;7
2614;164;8
2614;165;4
2614;166;5
2614;136;3.465736
2614;149;8
2614;150;7
2614;151;7
2614;152;2
2614;153;3
2614;154;60
2614;155;16
2614;156;139
2614;160;3
2614;163;76
2615;162;39
2615;129;51
2615;130;128
2615;131;39
2615;132;104
2615;133;10
2615;137;4
2615;138;7
2615;139;29
2615;140;50
2615;141;38
2615;142;47
2615;144;7
2615;146;2
2615;147;1
2615;148;2
2615;135;8
2615;164;8
2615;165;3
2615;166;3
2615;136;4.852030
2615;149;6
2615;150;7
2615;151;7
2615;152;2
2615;153;2
2615;154;60
2615;155;16
2615;156;227
2615;160;2
2615;163;76
2616;162;30
2616;129;37
2616;130;80
2616;131;36
2616;132;66
2616;133;13
2616;137;4
2616;138;8
2616;139;17
2616;140;28
2616;141;24
2616;142;33
2616;143;1
2616;144;5
2616;145;1
2616;146;3
2616;147;1
2616;148;2
2616;135;7
2616;164;7
2616;165;4
2616;166;4
2616;136;3.465736
2616;149;7
2616;150;7
2616;151;7
2616;152;2
2616;153;2
2616;154;60
2616;155;16
2616;156;137
2616;160;2
2616;163;76
2617;162;28
2617;129;34
2617;130;88
2617;131;36
2617;132;76
2617;133;14
2617;137;2
2617;138;7
2617;139;17
2617;140;30
2617;141;26
2617;142;34
2617;144;5
2617;146;3
2617;147;1
2617;148;3
2617;135;6
2617;164;6
2617;165;2
2617;166;2
2617;136;3.178054
2617;149;6
2617;150;5
2617;151;5
2617;152;3
2617;153;4
2617;154;64
2617;155;8
2617;156;143
2617;160;4
2617;163;72
2618;162;30
2618;129;40
2618;130;95
2618;131;40
2618;132;78
2618;133;11
2618;137;4
2618;138;9
2618;139;22
2618;140;36
2618;141;29
2618;142;36
2618;144;5
2618;146;2
2618;147;1
2618;148;2
2618;135;6
2618;164;6
2618;165;2
2618;166;2
2618;136;3.465736
2618;149;7
2618;150;5
2618;151;5
2618;152;2
2618;153;2
2618;154;60
2618;155;16
2618;156;171
2618;160;2
2618;163;76
2619;162;27
2619;129;33
2619;130;81
2619;131;37
2619;132;70
2619;133;10
2619;137;2
2619;138;8
2619;139;17
2619;140;29
2619;141;23
2619;142;29
2619;144;4
2619;146;2
2619;147;1
2619;148;2
2619;135;5
2619;164;5
2619;165;2
2619;166;2
2619;136;2.772589
2619;149;7
2619;150;4
2619;151;4
2619;152;2
2619;153;7
2619;154;60
2619;155;8
2619;156;148
2619;160;6
2619;161;1
2619;163;68
2620;162;38
2620;129;46
2620;130;97
2620;131;42
2620;132;79
2620;133;10
2620;137;4
2620;138;10
2620;139;22
2620;140;36
2620;141;27
2620;142;38
2620;143;1
2620;144;7
2620;145;1
2620;146;4
2620;147;1
2620;148;2
2620;135;9
2620;164;9
2620;165;6
2620;166;6
2620;136;4.158883
2620;149;7
2620;150;9
2620;151;9
2620;152;2
2620;153;6
2620;154;60
2620;155;16
2620;156;173
2620;160;5
2620;163;76
2621;162;38
2621;129;57
2621;130;101
2621;131;40
2621;132;53
2621;133;13
2621;137;2
2621;138;19
2621;139;26
2621;140;50
2621;141;21
2621;142;29
2621;144;3
2621;145;1
2621;146;3
2621;147;1
2621;148;5
2621;134;1
2621;135;5
2621;164;6
2621;165;5
2621;166;6
2621;136;1.791760
2621;149;3
2621;150;4
2621;151;4
2621;152;4
2621;154;16
2621;155;8
2621;156;206
2621;163;24
2622;7;25
2623;7;209
2626;7;85
2661;7;334
2687;7;138
2622;39;4
2622;12;360
2622;40;3
2622;18;1
2622;13;7
2622;11;2
2622;15;1
2622;44;3142368512
2623;39;23
2623;12;2455
2623;40;71
2623;18;8
2623;13;60
2623;11;50
2623;15;1
2623;14;35
2623;16;7
2623;44;948671680
2626;39;22
2626;12;1261
2626;40;5
2626;18;1
2626;13;43
2626;11;29
2626;14;34
2626;16;1
2626;44;113840688
2661;39;64
2661;12;1314
2661;40;47
2661;18;1
2661;13;51
2661;11;37
2661;14;37
2661;16;1
2661;44;3074694400
2687;39;15
2687;12;544
2687;40;13
2687;18;1
2687;13;20
2687;11;7
2687;14;85
2687;16;1
2687;44;2754659328
2661;47;0.000001
2661;8;8
2661;34;0.062973
2783;84;8
2783;65;8
2783;68;6
2783;72;6
2783;78;1
2783;79;1
2783;81;280
2790;84;8
2790;65;8
2790;68;6
2790;72;6
2790;78;1
2790;79;1
2790;81;288
2797;84;8
2797;65;8
2797;68;6
2797;72;6
2797;78;1
2797;79;1
2797;81;296
2804;84;8
2804;65;8
2804;68;6
2804;72;6
2804;78;1
2804;79;1
2804;81;304
2811;84;8
2811;65;8
2811;68;6
2811;72;6
2811;78;1
2811;79;1
2811;81;540
2818;84;8
2818;65;8
2818;68;6
2818;72;6
2818;78;1
2818;79;1
2818;81;544
2825;84;8
2825;65;8
2825;68;6
2825;72;6
2825;78;1
2825;79;1
2825;81;560
2832;84;8
2832;65;8
2832;68;6
2832;72;6
2832;78;1
2832;79;1
2832;81;560
2623;47;0.000001
2623;8;1
2623;34;0.062973
2926;84;22
2926;65;32
2926;81;160
2622;47;0.000001
2622;19;1
2622;20;2
2622;21;1
2622;23;2
2622;25;13
2622;26;12
2622;27;3
2622;28;3
2622;29;1
2622;30;1
2622;31;15
2622;32;1
2622;33;5
2622;24;0.693147
2622;34;0.154663
2622;38;100
2622;42;5
2622;43;25
2949;162;9
2949;129;15
2949;130;13
2949;131;8
2949;132;12
2949;133;8
2949;137;1
2949;138;2
2949;139;2
2949;140;2
2949;141;1
2949;142;5
2949;144;1
2949;146;2
2949;147;1
2949;148;1
2949;134;2
2949;135;3
2949;164;3
2949;165;3
2949;166;3
2949;136;0.693147
2949;150;1
2949;151;3
2949;152;1
2949;154;4
2949;155;4
2949;156;8
2949;163;8
2950;7;634
2950;39;73
2950;12;3932
2950;40;45
2950;18;1
2950;13;110
2950;11;91
2950;15;1
2950;14;3
2950;44;597288896
2950;47;0.000001
2950;19;18
2950;20;31
2950;21;76
2950;22;7
2950;23;4
2950;25;583
2950;26;569
2950;27;101
2950;28;123
2950;29;20
2950;30;96
2950;31;500
2950;32;20
2950;33;251
2950;24;25.365042
2950;34;1
2950;38;329.876648
2950;42;5
2950;43;25
2954;162;14
2954;129;14
2954;130;21
2954;131;14
2954;132;22
2954;133;7
2954;137;1
2954;138;1
2954;139;1
2954;140;3
2954;141;8
2954;142;9
2954;144;1
2954;146;2
2954;147;1
2954;135;2
2954;164;2
2954;165;2
2954;166;2
2954;136;0.693147
2954;149;3
2954;150;1
2954;151;1
2954;155;4
2954;156;12
2954;163;4
2955;162;119
2955;129;175
2955;130;190
2955;131;52
2955;132;168
2955;133;18
2955;137;3
2955;138;9
2955;139;16
2955;140;29
2955;141;40
2955;142;91
2955;143;1
2955;144;16
2955;145;15
2955;146;4
2955;147;2
2955;148;4
2955;134;8
2955;135;33
2955;164;34
2955;165;33
2955;166;34
2955;136;7.464510
2955;149;7
2955;150;32
2955;151;35
2955;152;4
2955;154;16
2955;155;12
2955;156;120
2955;163;28
2956;162;6
2956;129;6
2956;130;4
2956;131;4
2956;132;2
2956;133;2
2956;137;2
2956;138;1
2956;139;1
2956;140;3
2956;142;1
2956;146;1
2956;134;1
2956;135;1
2956;164;1
2956;165;1
2956;166;1
2956;151;1
2956;155;8
2956;156;12
2956;163;8
2957;162;6
2957;129;6
2957;130;4
2957;131;4
2957;132;2
2957;133;2
2957;137;2
2957;138;1
2957;139;1
2957;140;3
2957;142;1
2957;146;1
2957;134;1
2957;135;1
2957;164;1
2957;165;1
2957;166;1
2957;151;1
2957;155;8
2957;156;12
2957;163;8
2958;162;13
2958;129;18
2958;130;27
2958;131;14
2958;132;22
2958;133;10
2958;137;2
2958;138;4
2958;139;4
2958;140;9
2958;141;3
2958;142;8
2958;144;1
2958;146;2
2958;147;1
2958;148;2
2958;134;2
2958;135;2
2958;164;3
2958;165;2
2958;166;3
2958;136;0.693147
2958;150;1
2958;151;3
2958;152;2
2958;154;8
2958;155;8
2958;156;36
2958;163;16
2959;162;6
2959;129;6
2959;130;4
2959;131;4
2959;132;2
2959;133;2
2959;137;2
2959;138;1
2959;139;1
2959;140;3
2959;142;1
2959;146;1
2959;134;1
2959;135;1
2959;164;1
2959;165;1
2959;166;1
2959;151;1
2959;155;8
2959;156;12
2959;163;8
2960;162;17
2960;129;23
2960;130;22
2960;131;10
2960;132;19
2960;133;9
2960;137;2
2960;141;3
2960;142;12
2960;144;4
2960;146;2
2960;147;1
2960;148;1
2960;134;4
2960;135;5
2960;164;6
2960;165;5
2960;166;6
2960;136;1.609438
2960;149;1
2960;150;4
2960;151;8
2960;152;1
2960;154;4
2960;155;8
2960;163;12
2961;162;15
2961;129;21
2961;130;23
2961;131;12
2961;132;25
2961;133;10
2961;137;1
2961;138;2
2961;139;2
2961;140;4
2961;141;2
2961;142;10
2961;144;3
2961;146;2
2961;147;1
2961;148;1
2961;134;4
2961;135;4
2961;164;6
2961;165;4
2961;166;6
2961;136;1.386294
2961;149;1
2961;150;3
2961;151;7
2961;152;1
2961;154;4
2961;155;4
2961;156;20
2961;163;8
2962;162;59
2962;129;75
2962;130;107
2962;131;32
2962;132;123
2962;133;20
2962;137;3
2962;138;3
2962;139;3
2962;140;7
2962;141;20
2962;142;47
2962;144;14
2962;145;1
2962;146;3
2962;147;1
2962;148;3
2962;134;10
2962;135;16
2962;164;23
2962;165;16
2962;166;22
2962;136;3.761200
2962;149;7
2962;150;15
2962;151;24
2962;152;3
2962;154;16
2962;155;16
2962;156;32
2962;163;32
2963;162;9
2963;129;10
2963;130;12
2963;131;8
2963;132;8
2963;133;6
2963;137;3
2963;138;1
2963;139;1
2963;140;3
2963;141;1
2963;142;3
2963;146;1
2963;147;1
2963;148;1
2963;134;1
2963;135;2
2963;164;2
2963;165;2
2963;166;2
2963;151;1
2963;152;1
2963;154;8
2963;155;12
2963;156;16
2963;163;20
2964;162;11
2964;129;15
2964;130;16
2964;131;11
2964;132;19
2964;133;11
2964;137;1
2964;141;1
2964;142;7
2964;144;2
2964;146;2
2964;147;1
2964;148;1
2964;134;3
2964;135;4
2964;164;5
2964;165;4
2964;166;5
2964;136;1.098612
2964;149;1
2964;150;2
2964;151;5
2964;152;1
2964;154;4
2964;155;4
2964;163;8
2965;162;7
2965;129;8
2965;130;9
2965;131;5
2965;132;7
2965;133;6
2965;137;1
2965;138;1
2965;139;1
2965;140;1
2965;141;1
2965;142;3
2965;146;1
2965;147;1
2965;148;1
2965;134;1
2965;135;2
2965;164;2
2965;165;2
2965;166;2
2965;151;1
2965;152;1
2965;154;8
2965;155;4
2965;156;4
2965;163;12
2966;162;17
2966;129;21
2966;130;25
2966;131;12
2966;132;23
2966;133;11
2966;137;1
2966;138;1
2966;139;1
2966;140;3
2966;141;3
2966;142;13
2966;144;4
2966;146;2
2966;147;1
2966;148;2
2966;134;4
2966;135;5
2966;164;6
2966;165;5
2966;166;6
2966;136;1.609438
2966;149;1
2966;150;4
2966;151;8
2966;152;2
2966;154;12
2966;155;4
2966;156;16
2966;163;16
2967;162;7
2967;129;8
2967;130;9
2967;131;5
2967;132;7
2967;133;6
2967;137;1
2967;138;1
2967;139;1
2967;140;1
2967;141;1
2967;142;3
2967;146;1
2967;147;1
2967;148;1
2967;134;1
2967;135;2
2967;164;2
2967;165;2
2967;166;2
2967;151;1
2967;152;1
2967;154;8
2967;155;4
2967;156;4
2967;163;12
2968;162;11
2968;129;15
2968;130;16
2968;131;7
2968;132;14
2968;133;8
2968;137;1
2968;141;1
2968;142;7
2968;144;2
2968;146;2
2968;147;1
2968;148;1
2968;134;3
2968;135;4
2968;164;5
2968;165;4
2968;166;5
2968;136;1.098612
2968;149;1
2968;150;2
2968;151;5
2968;152;1
2968;154;4
2968;155;4
2968;163;8
2969;162;15
2969;129;19
2969;130;27
2969;131;12
2969;132;32
2969;133;10
2969;137;2
2969;141;2
2969;142;9
2969;144;3
2969;146;2
2969;147;1
2969;148;1
2969;134;3
2969;135;6
2969;164;7
2969;165;6
2969;166;7
2969;136;1.386294
2969;149;1
2969;150;3
2969;151;6
2969;152;1
2969;154;4
2969;155;8
2969;163;12
2970;162;15
2970;129;19
2970;130;21
2970;131;9
2970;132;19
2970;133;8
2970;137;1
2970;138;1
2970;139;1
2970;140;3
2970;141;4
2970;142;10
2970;144;3
2970;146;2
2970;147;1
2970;148;1
2970;134;2
2970;135;4
2970;164;5
2970;165;4
2970;166;5
2970;136;1.386294
2970;149;2
2970;150;3
2970;151;5
2970;152;1
2970;154;4
2970;155;4
2970;156;12
2970;163;8
2971;162;26
2971;129;41
2971;130;46
2971;131;16
2971;132;55
2971;133;11
2971;137;3
2971;138;4
2971;139;7
2971;140;12
2971;141;6
2971;142;16
2971;144;6
2971;146;3
2971;147;1
2971;134;4
2971;135;7
2971;164;8
2971;165;7
2971;166;8
2971;136;3.178054
2971;149;1
2971;150;6
2971;151;10
2971;155;12
2971;156;47
2971;163;12
2972;7;594
2972;39;68
2972;12;6659
2972;40;5
2972;18;1
2972;13;130
2972;11;86
2972;15;1
2972;44;4226522112
2972;47;0.000001
2972;19;13
2972;20;38
2972;21;87
2972;22;6
2972;23;7
2972;25;647
2972;26;745
2972;27;100
2972;28;142
2972;29;31
2972;30;115
2972;31;524
2972;32;28
2972;33;288
2972;24;26.538410
2972;34;1
2972;38;572.852783
2972;42;5
2972;43;25
2979;162;22
2979;129;23
2979;130;28
2979;131;13
2979;132;26
2979;133;12
2979;137;4
2979;138;4
2979;139;4
2979;140;6
2979;141;5
2979;142;13
2979;143;1
2979;144;3
2979;146;3
2979;147;1
2979;148;1
2979;134;2
2979;135;5
2979;164;5
2979;165;5
2979;166;5
2979;136;2.197225
2979;149;1
2979;150;4
2979;151;7
2979;152;1
2979;154;4
2979;155;16
2979;156;28
2979;163;20
2980;162;24
2980;129;25
2980;130;29
2980;131;16
2980;132;39
2980;133;15
2980;137;1
2980;138;1
2980;139;1
2980;140;4
2980;141;3
2980;142;16
2980;143;1
2980;144;4
2980;146;4
2980;147;2
2980;148;5
2980;134;3
2980;135;6
2980;164;7
2980;165;6
2980;166;7
2980;136;2.079442
2980;149;2
2980;150;5
2980;151;8
2980;152;5
2980;154;20
2980;155;4
2980;156;16
2980;163;24
2981;162;58
2981;129;80
2981;130;113
2981;131;36
2981;132;131
2981;133;18
2981;137;1
2981;138;7
2981;139;12
2981;140;21
2981;141;27
2981;142;46
2981;144;11
2981;146;4
2981;147;2
2981;148;1
2981;134;7
2981;135;12
2981;164;15
2981;165;12
2981;166;15
2981;136;3.218876
2981;149;6
2981;150;11
2981;151;18
2981;152;1
2981;154;4
2981;155;4
2981;156;84
2981;163;8
2982;162;36
2982;129;47
2982;130;61
2982;131;25
2982;132;66
2982;133;14
2982;137;1
2982;138;3
2982;139;6
2982;140;15
2982;141;9
2982;142;25
2982;143;1
2982;144;6
2982;146;3
2982;147;2
2982;148;3
2982;134;5
2982;135;9
2982;164;12
2982;165;9
2982;166;12
2982;136;2.302585
2982;149;2
2982;150;7
2982;151;13
2982;152;3
2982;154;12
2982;155;4
2982;156;60
2982;163;16
2983;162;27
2983;129;28
2983;130;37
2983;131;18
2983;132;45
2983;133;12
2983;137;1
2983;138;3
2983;139;3
2983;140;6
2983;141;3
2983;142;20
2983;143;1
2983;144;5
2983;145;3
2983;146;4
2983;147;3
2983;148;1
2983;134;6
2983;135;9
2983;164;11
2983;165;9
2983;166;11
2983;136;2.197225
2983;149;2
2983;150;9
2983;151;13
2983;152;1
2983;154;4
2983;155;4
2983;156;24
2983;163;8
2984;162;22
2984;129;30
2984;130;29
2984;131;17
2984;132;40
2984;133;15
2984;137;2
2984;138;1
2984;139;1
2984;140;1
2984;141;5
2984;142;13
2984;143;1
2984;144;3
2984;145;2
2984;146;5
2984;147;3
2984;148;1
2984;134;2
2984;135;6
2984;164;9
2984;165;6
2984;166;8
2984;136;1.609438
2984;149;5
2984;150;6
2984;151;7
2984;152;1
2984;154;4
2984;155;12
2984;156;4
2984;163;16
2985;162;62
2985;129;92
2985;130;101
2985;131;35
2985;132;105
2985;133;19
2985;137;3
2985;138;6
2985;139;6
2985;140;14
2985;141;18
2985;142;46
2985;143;1
2985;144;13
2985;145;4
2985;146;7
2985;147;3
2985;148;4
2985;134;9
2985;135;16
2985;164;20
2985;165;16
2985;166;20
2985;136;3.135494
2985;149;4
2985;150;18
2985;151;25
2985;152;3
2985;154;16
2985;155;12
2985;156;60
2985;163;28
2986;162;20
2986;129;28
2986;130;29
2986;131;15
2986;132;37
2986;133;17
2986;137;1
2986;138;1
2986;139;1
2986;140;3
2986;141;4
2986;142;14
2986;144;3
2986;146;2
2986;147;1
2986;148;3
2986;134;4
2986;135;5
2986;164;7
2986;165;5
2986;166;7
2986;136;1.386294
2986;149;2
2986;150;3
2986;151;7
2986;152;3
2986;154;9
2986;155;4
2986;156;12
2986;163;13
2987;162;5
2987;129;5
2987;130;2
2987;131;2
2987;132;1
2987;133;1
2987;137;1
2987;138;1
2987;139;1
2987;140;1
2987;142;1
2987;146;1
2987;134;1
2987;135;1
2987;164;1
2987;165;1
2987;166;1
2987;151;1
2987;155;4
2987;156;4
2987;163;4
2988;162;44
2988;129;58
2988;130;71
2988;131;24
2988;132;100
2988;133;21
2988;137;2
2988;138;2
2988;139;2
2988;140;5
2988;141;15
2988;142;34
2988;143;1
2988;144;8
2988;146;3
2988;147;1
2988;148;3
2988;134;7
2988;135;10
2988;164;12
2988;165;10
2988;166;12
2988;136;2.708050
2988;149;5
2988;150;9
2988;151;16
2988;152;3
2988;154;12
2988;155;8
2988;156;24
2988;163;20
2989;162;45
2989;129;62
2989;130;93
2989;131;27
2989;132;98
2989;133;19
2989;137;3
2989;138;4
2989;139;4
2989;140;9
2989;141;15
2989;142;36
2989;143;1
2989;144;9
2989;146;4
2989;147;2
2989;148;5
2989;134;6
2989;135;12
2989;164;18
2989;165;12
2989;166;18
2989;136;3.218876
2989;149;6
2989;150;10
2989;151;17
2989;152;4
2989;154;20
2989;155;12
2989;156;40
2989;163;32
2990;162;11
2990;129;18
2990;130;17
2990;131;11
2990;132;17
2990;133;8
2990;137;1
2990;138;1
2990;139;1
2990;140;1
2990;141;2
2990;142;7
2990;144;2
2990;146;2
2990;147;1
2990;148;1
2990;134;2
2990;135;3
2990;164;5
2990;165;3
2990;166;5
2990;136;1.098612
2990;149;1
2990;150;2
2990;151;4
2990;152;1
2990;154;4
2990;155;4
2990;156;4
2990;163;8
2991;162;22
2991;129;28
2991;130;37
2991;131;20
2991;132;40
2991;133;10
2991;137;1
2991;138;4
2991;139;7
2991;140;9
2991;141;9
2991;142;17
2991;144;3
2991;146;2
2991;147;1
2991;148;3
2991;134;3
2991;135;6
2991;164;6
2991;165;6
2991;166;6
2991;136;1.386294
2991;149;3
2991;150;3
2991;151;6
2991;152;2
2991;154;12
2991;155;4
2991;156;36
2991;163;16
2992;7;577
2992;39;78
2992;12;3784
2992;40;1
2992;18;2
2992;13;90
2992;11;78
2992;15;1
2992;16;1
2992;44;421055456
2992;47;0.000001
2992;19;11
2992;20;40
2992;21;68
2992;22;5
2992;23;5
2992;25;562
2992;26;560
2992;27;80
2992;28;119
2992;29;31
2992;30;97
2992;31;455
2992;32;28
2992;33;244
2992;24;22.825872
2992;34;1
2992;38;537.144165
2992;42;5
2992;43;25
2996;162;101
2996;129;48
2996;130;67
2996;131;32
2996;132;76
2996;133;13
2996;137;1
2996;138;4
2996;139;9
2996;140;22
2996;141;16
2996;142;27
2996;144;5
2996;146;3
2996;147;2
2996;148;2
2996;134;4
2996;135;6
2996;164;6
2996;165;6
2996;166;6
2996;136;1.945910
2996;149;4
2996;150;5
2996;151;9
2996;152;2
2996;154;8
2996;155;4
2996;156;88
2996;163;12
2997;162;47
2997;129;61
2997;130;86
2997;131;29
2997;132;96
2997;133;16
2997;137;2
2997;138;7
2997;139;12
2997;140;19
2997;141;14
2997;142;32
2997;143;1
2997;144;8
2997;146;4
2997;147;2
2997;148;4
2997;134;6
2997;135;10
2997;164;17
2997;165;10
2997;166;17
2997;136;2.708050
2997;149;2
2997;150;9
2997;151;15
2997;152;3
2997;154;16
2997;155;8
2997;156;84
2997;163;24
2998;162;26
2998;129;30
2998;130;42
2998;131;19
2998;132;42
2998;133;16
2998;137;2
2998;138;2
2998;139;3
2998;140;7
2998;141;8
2998;142;18
2998;143;1
2998;144;3
2998;146;3
2998;147;2
2998;148;3
2998;134;3
2998;135;6
2998;164;9
2998;165;6
2998;166;8
2998;136;1.791760
2998;149;3
2998;150;4
2998;151;7
2998;152;3
2998;154;12
2998;155;12
2998;156;28
2998;163;24
2999;162;56
2999;129;78
2999;130;100
2999;131;30
2999;132;87
2999;133;18
2999;137;3
2999;138;5
2999;139;7
2999;140;15
2999;141;16
2999;142;44
2999;143;1
2999;144;13
2999;145;1
2999;146;5
2999;147;3
2999;148;5
2999;134;10
2999;135;15
2999;164;19
2999;165;15
2999;166;19
2999;136;3.401197
2999;149;5
2999;150;15
2999;151;24
2999;152;4
2999;154;20
2999;155;12
2999;156;64
2999;163;32
3000;162;35
3000;129;46
3000;130;53
3000;131;23
3000;132;56
3000;133;17
3000;137;2
3000;138;2
3000;139;2
3000;140;5
3000;141;9
3000;142;27
3000;144;8
3000;146;3
3000;147;2
3000;148;4
3000;134;6
3000;135;9
3000;164;10
3000;165;9
3000;166;10
3000;136;2.944439
3000;149;3
3000;150;8
3000;151;14
3000;152;4
3000;154;13
3000;155;8
3000;156;24
3000;163;21
3001;162;10
3001;129;12
3001;130;15
3001;131;9
3001;132;10
3001;133;8
3001;137;2
3001;138;2
3001;139;2
3001;140;4
3001;141;2
3001;142;5
3001;146;1
3001;147;1
3001;148;2
3001;134;1
3001;135;2
3001;164;3
3001;165;2
3001;166;3
3001;151;1
3001;152;2
3001;154;8
3001;155;8
3001;156;16
3001;163;16
3002;162;30
3002;129;61
3002;130;66
3002;131;25
3002;132;64
3002;133;17
3002;137;3
3002;138;4
3002;139;4
3002;140;9
3002;141;9
3002;142;26
3002;144;7
3002;146;3
3002;147;1
3002;148;4
3002;134;7
3002;135;8
3002;164;13
3002;165;8
3002;166;13
3002;136;2.302585
3002;149;3
3002;150;7
3002;151;14
3002;152;3
3002;154;16
3002;155;12
3002;156;40
3002;163;28
3003;162;9
3003;129;10
3003;130;11
3003;131;7
3003;132;8
3003;133;4
3003;137;2
3003;138;3
3003;139;3
3003;140;6
3003;141;3
3003;142;6
3003;146;1
3003;147;1
3003;148;2
3003;134;1
3003;135;1
3003;164;1
3003;165;1
3003;166;1
3003;151;1
3003;152;2
3003;154;8
3003;155;8
3003;156;24
3003;163;16
3004;162;20
3004;129;30
3004;130;29
3004;131;14
3004;132;28
3004;133;11
3004;137;2
3004;138;2
3004;139;2
3004;140;4
3004;141;3
3004;142;14
3004;144;5
3004;146;3
3004;147;1
3004;148;1
3004;134;5
3004;135;6
3004;164;8
3004;165;6
3004;166;8
3004;136;1.791760
3004;149;1
3004;150;5
3004;151;10
3004;152;1
3004;154;4
3004;155;8
3004;156;20
3004;163;12
3005;162;29
3005;129;40
3005;130;43
3005;131;18
3005;132;43
3005;133;11
3005;137;3
3005;138;3
3005;139;3
3005;140;7
3005;141;6
3005;142;21
3005;144;7
3005;146;3
3005;147;1
3005;148;2
3005;134;6
3005;135;8
3005;164;11
3005;165;8
3005;166;11
3005;136;2.302585
3005;149;2
3005;150;7
3005;151;13
3005;152;2
3005;154;8
3005;155;12
3005;156;32
3005;163;20
3006;162;31
3006;129;39
3006;130;50
3006;131;26
3006;132;50
3006;133;10
3006;137;1
3006;138;6
3006;139;9
3006;140;13
3006;141;11
3006;142;24
3006;144;8
3006;146;3
3006;147;1
3006;148;2
3006;134;3
3006;135;9
3006;164;9
3006;165;9
3006;166;9
3006;136;3.637586
3006;149;2
3006;150;8
3006;151;11
3006;152;2
3006;154;8
3006;155;4
3006;156;56
3006;163;12
3007;7;640
3008;7;62
3012;7;122
3014;7;11
3015;7;94
3007;39;47
3007;12;5331
3007;40;11
3007;18;5
3007;13;122
3007;11;65
3007;15;5
3007;14;10
3007;44;3735743488
3008;39;6
3008;12;2385
3008;13;43
3008;11;9
3008;14;3
3008;44;1675634432
3012;39;5
3012;12;4171
3012;40;2
3012;13;110
3012;11;78
3012;14;1
3012;44;2522365184
3014;39;2
3014;12;345
3014;13;8
3014;11;2
3014;44;2753957376
3015;39;3
3015;12;287
3015;13;7
3015;11;2
3015;44;2313761024
3008;47;0.000001
3008;8;1
3008;34;0.062973
3026;84;5
3026;65;5
3026;68;3
3026;72;3
3026;81;4
3012;47;0.000001
3012;8;1
3012;34;0.062973
3070;84;36
3070;65;42
3070;68;34
3070;72;34
3070;78;7
3070;79;1
3070;81;7116
3014;47;0.000001
3014;34;0.062973
3007;47;0.000001
3007;19;4
3007;20;25
3007;21;181
3007;22;11
3007;23;13
3007;25;1247
3007;26;1160
3007;27;181
3007;28;223
3007;29;17
3007;30;306
3007;31;475
3007;32;16
3007;33;557
3007;35;31
3007;24;0.000001
3007;34;0.000001
3007;38;4128.232422
3007;42;7
3007;43;20
3107;162;74
3107;129;43
3107;130;60
3107;131;29
3107;132;68
3107;133;15
3107;137;5
3107;138;1
3107;139;1
3107;140;3
3107;141;13
3107;142;23
3107;144;5
3107;146;2
3107;147;1
3107;148;1
3107;134;4
3107;135;6
3107;164;11
3107;165;6
3107;166;11
3107;136;2.302585
3107;149;2
3107;150;5
3107;151;9
3107;152;1
3107;154;4
3107;155;20
3107;163;24
3108;162;92
3108;129;42
3108;130;106
3108;131;53
3108;132;8
3108;133;2
3108;137;1
3108;141;4
3108;142;6
3108;146;1
3108;147;1
3108;148;2
3108;135;1
3108;164;1
3108;165;1
3108;166;1
3108;152;2
3108;155;4
3108;163;4
3109;162;323
3109;129;380
3109;130;1066
3109;131;102
3109;132;1061
3109;133;31
3109;137;5
3109;138;23
3109;139;25
3109;140;66
3109;141;286
3109;142;522
3109;143;87
3109;144;74
3109;145;14
3109;146;13
3109;147;5
3109;148;14
3109;134;2
3109;135;172
3109;164;176
3109;165;62
3109;166;66
3109;136;0.000001
3109;149;11
3109;150;175
3109;151;211
3109;152;13
3109;153;31
3109;154;52
3109;155;20
3109;156;96
3109;160;25
3109;163;72
3110;162;10
3110;129;10
3110;130;15
3110;131;6
3110;132;23
3110;133;9
3110;137;1
3110;138;1
3110;139;1
3110;140;2
3110;141;3
3110;142;6
3110;144;1
3110;146;2
3110;147;1
3110;134;2
3110;135;2
3110;164;4
3110;165;2
3110;166;4
3110;136;0.693147
3110;150;1
3110;151;3
3110;155;4
3110;163;4
3015;47;0.000001
3015;34;0.062973
3111;7;340
3111;39;10
3111;12;3987
3111;40;13
3111;18;4
3111;13;115
3111;11;55
3111;15;4
3111;14;4
3111;44;2772827392
3111;47;0.000001
3111;19;1
3111;21;41
3111;22;16
3111;23;14
3111;25;360
3111;26;413
3111;27;35
3111;28;39
3111;29;21
3111;30;107
3111;31;258
3111;32;21
3111;33;169
3111;35;4
3111;24;8.682878
3111;34;0.999746
3111;38;4858.615723
3111;42;7
3111;43;19
3114;162;214
3114;129;258
3114;130;360
3114;131;55
3114;132;413
3114;133;23
3114;137;2
3114;141;107
3114;142;169
3114;143;7
3114;144;25
3114;145;9
3114;146;14
3114;147;5
3114;148;21
3114;134;1
3114;135;35
3114;164;36
3114;165;35
3114;166;36
3114;136;8.682878
3114;149;16
3114;150;41
3114;151;39
3114;152;21
3114;153;4
3114;154;84
3114;155;8
3114;160;4
3114;163;92
3115;7;1512
3115;39;79
3115;12;13493
3115;40;44
3115;18;6
3115;13;306
3115;11;82
3115;15;5
3115;14;13
3115;16;1
3115;44;3667821568
3115;47;0.000001
3115;19;19
3115;20;27
3115;21;342
3115;22;6
3115;23;11
3115;25;2399
3115;26;2433
3115;27;355
3115;28;421
3115;29;48
3115;30;552
3115;31;1111
3115;32;45
3115;33;1056
3115;35;110
3115;24;45.980091
3115;34;1
3115;38;1764.102051
3115;42;7
3115;43;20
3130;162;23
3130;129;24
3130;130;41
3130;131;26
3130;132;48
3130;133;8
3130;137;1
3130;141;15
3130;142;20
3130;144;2
3130;146;2
3130;147;1
3130;148;1
3130;134;2
3130;135;3
3130;164;4
3130;165;3
3130;166;4
3130;136;1.098612
3130;149;3
3130;150;2
3130;151;4
3130;152;1
3130;153;1
3130;154;4
3130;155;4
3130;160;1
3130;163;8
3131;162;11
3131;129;12
3131;130;16
3131;131;8
3131;132;16
3131;133;8
3131;137;1
3131;138;1
3131;139;1
3131;140;1
3131;141;4
3131;142;8
3131;144;1
3131;146;2
3131;147;1
3131;148;1
3131;134;2
3131;135;2
3131;164;3
3131;165;2
3131;166;3
3131;136;0.693147
3131;150;1
3131;151;3
3131;152;1
3131;154;4
3131;155;4
3131;156;4
3131;163;8
3132;162;27
3132;129;37
3132;130;46
3132;131;17
3132;132;51
3132;133;16
3132;137;2
3132;138;2
3132;139;2
3132;140;3
3132;141;9
3132;142;19
3132;144;5
3132;145;1
3132;146;3
3132;147;1
3132;148;2
3132;134;3
3132;135;6
3132;164;10
3132;165;6
3132;166;10
3132;136;2.302585
3132;149;2
3132;150;6
3132;151;8
3132;152;2
3132;154;8
3132;155;8
3132;156;4
3132;163;16
3133;162;32
3133;129;41
3133;130;55
3133;131;22
3133;132;66
3133;133;12
3133;137;4
3133;138;3
3133;139;3
3133;140;7
3133;141;11
3133;142;23
3133;144;6
3133;146;2
3133;147;1
3133;148;2
3133;134;4
3133;135;7
3133;164;9
3133;165;7
3133;166;9
3133;136;2.639057
3133;149;4
3133;150;6
3133;151;10
3133;152;2
3133;154;8
3133;155;16
3133;156;8
3133;163;24
3134;162;7
3134;129;7
3134;130;5
3134;131;5
3134;132;1
3134;133;1
3134;137;3
3134;138;1
3134;139;1
3134;140;4
3134;142;1
3134;146;1
3134;134;1
3134;135;1
3134;164;1
3134;165;1
3134;166;1
3134;151;1
3134;155;12
3134;156;16
3134;163;12
3135;162;19
3135;129;20
3135;130;31
3135;131;11
3135;132;31
3135;133;14
3135;137;3
3135;141;6
3135;142;14
3135;144;3
3135;146;2
3135;147;1
3135;148;1
3135;134;4
3135;135;4
3135;164;6
3135;165;4
3135;166;6
3135;136;1.386294
3135;149;2
3135;150;3
3135;151;7
3135;152;1
3135;154;4
3135;155;12
3135;163;16
3136;162;92
3136;129;42
3136;130;106
3136;131;53
3136;132;8
3136;133;2
3136;137;1
3136;141;4
3136;142;6
3136;146;1
3136;147;1
3136;148;2
3136;135;1
3136;164;1
3136;165;1
3136;166;1
3136;152;2
3136;155;4
3136;163;4
3137;162;82
3137;129;49
3137;130;71
3137;131;17
3137;132;77
3137;133;16
3137;137;3
3137;138;2
3137;139;4
3137;140;12
3137;141;18
3137;142;30
3137;144;8
3137;145;2
3137;146;4
3137;147;2
3137;148;2
3137;134;2
3137;135;9
3137;164;9
3137;165;9
3137;166;9
3137;136;3.806663
3137;149;3
3137;150;10
3137;151;10
3137;152;2
3137;154;8
3137;155;12
3137;156;36
3137;163;20
3138;162;591
3138;129;648
3138;130;1688
3138;131;181
3138;132;1739
3138;133;33
3138;137;2
3138;138;7
3138;139;24
3138;140;78
3138;141;420
3138;142;795
3138;143;116
3138;144;122
3138;145;45
3138;146;11
3138;147;4
3138;148;17
3138;134;6
3138;135;280
3138;164;307
3138;165;152
3138;166;179
3138;136;20.358088
3138;149;6
3138;150;283
3138;151;322
3138;152;15
3138;153;100
3138;154;64
3138;155;8
3138;156;312
3138;160;68
3138;163;72
3139;162;13
3139;129;13
3139;130;24
3139;131;7
3139;132;39
3139;133;10
3139;137;1
3139;138;2
3139;139;2
3139;140;4
3139;141;5
3139;142;10
3139;144;2
3139;146;2
3139;147;1
3139;148;1
3139;134;2
3139;135;3
3139;164;5
3139;165;3
3139;166;5
3139;136;1.098612
3139;149;1
3139;150;2
3139;151;4
3139;152;1
3139;154;4
3139;155;4
3139;163;8
3140;162;18
3140;129;22
3140;130;28
3140;131;10
3140;132;30
3140;133;13
3140;137;3
3140;138;1
3140;139;2
3140;140;6
3140;141;4
3140;142;10
3140;144;3
3140;146;2
3140;147;1
3140;148;1
3140;134;2
3140;135;4
3140;164;6
3140;165;4
3140;166;6
3140;136;1.609438
3140;149;2
3140;150;3
3140;151;5
3140;152;1
3140;154;4
3140;155;12
3140;156;24
3140;163;16
3141;162;27
3141;129;34
3141;130;41
3141;131;20
3141;132;35
3141;133;11
3141;137;3
3141;138;2
3141;139;3
3141;140;9
3141;141;7
3141;142;20
3141;144;5
3141;146;3
3141;147;1
3141;148;3
3141;134;5
3141;135;6
3141;164;8
3141;165;6
3141;166;8
3141;136;1.945910
3141;149;2
3141;150;5
3141;151;10
3141;152;3
3141;153;3
3141;154;12
3141;155;12
3141;156;36
3141;160;3
3141;163;24
3142;162;12
3142;129;16
3142;130;17
3142;131;7
3142;132;19
3142;133;8
3142;137;2
3142;141;3
3142;142;9
3142;144;2
3142;146;2
3142;147;1
3142;148;1
3142;134;3
3142;135;3
3142;164;4
3142;165;3
3142;166;4
3142;136;1.098612
3142;149;1
3142;150;2
3142;151;5
3142;152;1
3142;154;4
3142;155;8
3142;163;12
3143;162;21
3143;129;22
3143;130;27
3143;131;10
3143;132;21
3143;133;11
3143;137;3
3143;141;7
3143;142;13
3143;143;1
3143;144;2
3143;145;2
3143;146;4
3143;147;2
3143;148;2
3143;134;1
3143;135;5
3143;164;6
3143;165;5
3143;166;6
3143;136;1.386294
3143;149;2
3143;150;5
3143;151;4
3143;152;2
3143;154;8
3143;155;12
3143;163;20
3144;162;34
3144;129;42
3144;130;69
3144;131;26
3144;132;75
3144;133;20
3144;137;1
3144;138;2
3144;139;3
3144;140;7
3144;141;20
3144;142;33
3144;143;1
3144;144;4
3144;146;3
3144;147;1
3144;148;5
3144;134;4
3144;135;6
3144;164;8
3144;165;6
3144;166;8
3144;136;2.079442
3144;149;4
3144;150;5
3144;151;9
3144;152;4
3144;153;3
3144;154;20
3144;155;4
3144;156;28
3144;160;3
3144;163;24
3145;162;8
3145;129;9
3145;130;12
3145;131;7
3145;132;14
3145;133;8
3145;137;1
3145;141;1
3145;142;5
3145;144;1
3145;146;2
3145;147;1
3145;148;1
3145;134;2
3145;135;2
3145;164;3
3145;165;2
3145;166;3
3145;136;0.693147
3145;150;1
3145;151;3
3145;152;1
3145;153;1
3145;154;4
3145;155;4
3145;160;1
3145;163;8
3146;162;40
3146;129;46
3146;130;89
3146;131;24
3146;132;120
3146;133;17
3146;137;2
3146;138;4
3146;139;6
3146;140;17
3146;141;14
3146;142;28
3146;144;6
3146;146;3
3146;147;1
3146;148;4
3146;134;4
3146;135;7
3146;164;12
3146;165;7
3146;166;12
3146;136;2.397895
3146;149;2
3146;150;6
3146;151;10
3146;152;4
3146;154;16
3146;155;8
3146;156;36
3146;163;24
3147;162;11
3147;129;16
3147;130;13
3147;131;8
3147;132;16
3147;133;8
3147;137;2
3147;141;3
3147;142;7
3147;144;1
3147;146;2
3147;147;1
3147;148;1
3147;134;2
3147;135;2
3147;164;3
3147;165;2
3147;166;3
3147;136;0.693147
3147;150;1
3147;151;3
3147;152;1
3147;154;4
3147;155;8
3147;163;12
3148;162;10
3148;129;11
3148;130;20
3148;131;12
3148;132;27
3148;133;11
3148;137;1
3148;141;1
3148;142;5
3148;144;1
3148;146;2
3148;147;1
3148;148;1
3148;134;2
3148;135;4
3148;164;5
3148;165;4
3148;166;5
3148;136;0.693147
3148;150;1
3148;151;3
3148;152;1
3148;153;2
3148;154;4
3148;155;4
3148;160;2
3148;163;8
3149;7;306
3149;39;25
3149;12;6845
3149;18;2
3149;13;150
3149;11;71
3149;15;2
3149;14;1
3149;44;1278044160
3149;47;0.000001
3149;10;1
3149;19;1
3149;21;36
3149;22;9
3149;23;5
3149;25;455
3149;26;269
3149;27;33
3149;28;43
3149;29;25
3149;30;81
3149;31;275
3149;32;24
3149;33;151
3149;35;7
3149;24;15.472115
3149;34;0.999999
3149;38;5146.571777
3149;41;47
3149;42;7
3149;43;17
3152;162;171
3152;129;275
3152;130;455
3152;131;110
3152;132;269
3152;133;28
3152;137;6
3152;141;81
3152;142;151
3152;143;11
3152;144;20
3152;145;5
3152;146;5
3152;147;2
3152;148;25
3152;134;6
3152;135;33
3152;164;42
3152;165;33
3152;166;42
3152;136;15.472115
3152;149;9
3152;150;36
3152;151;43
3152;152;24
3152;153;7
3152;154;140
3152;155;24
3152;160;5
3152;163;164
3153;7;651
3153;39;85
3153;12;2736
3153;40;50
3153;18;13
3153;13;69
3153;11;27
3153;15;1
3153;14;15
3153;16;12
3153;44;3588775424
3153;47;0.000001
3153;10;1
3153;19;6
3153;20;55
3153;21;57
3153;22;3
3153;23;8
3153;25;395
3153;26;310
3153;27;47
3153;28;45
3153;29;21
3153;30;77
3153;31;232
3153;32;19
3153;33;141
3153;35;7
3153;24;18.383373
3153;34;0.1000000
3153;38;669.140320
3153;41;4
3153;42;6
3153;43;22
3168;162;6
3168;129;6
3168;130;8
3168;131;8
3168;132;6
3168;133;4
3168;137;1
3168;138;3
3168;139;3
3168;140;5
3168;141;2
3168;142;2
3168;146;1
3168;147;1
3168;135;1
3168;164;1
3168;165;1
3168;166;1
3168;153;1
3168;155;4
3168;156;20
3168;160;1
3168;163;4
3169;162;19
3169;129;27
3169;130;33
3169;131;21
3169;132;19
3169;133;8
3169;137;2
3169;138;9
3169;139;10
3169;140;15
3169;141;7
3169;142;16
3169;143;1
3169;144;4
3169;146;3
3169;147;2
3169;148;3
3169;135;6
3169;164;6
3169;165;6
3169;166;6
3169;136;2.639057
3169;149;2
3169;150;5
3169;151;6
3169;152;3
3169;154;16392
3169;155;8
3169;156;64
3169;163;16400
3170;162;18
3170;129;21
3170;130;33
3170;131;19
3170;132;19
3170;133;9
3170;137;2
3170;138;6
3170;139;9
3170;140;14
3170;141;6
3170;142;16
3170;143;1
3170;144;5
3170;146;3
3170;147;2
3170;148;3
3170;135;7
3170;164;7
3170;165;7
3170;166;7
3170;136;3.332205
3170;149;2
3170;150;6
3170;151;7
3170;152;3
3170;154;16392
3170;155;8
3170;156;60
3170;163;16400
3171;162;25
3171;129;34
3171;130;50
3171;131;26
3171;132;35
3171;133;10
3171;137;2
3171;138;10
3171;139;15
3171;140;25
3171;141;11
3171;142;17
3171;144;3
3171;146;2
3171;147;1
3171;148;3
3171;135;4
3171;164;4
3171;165;4
3171;166;4
3171;136;2.079442
3171;149;2
3171;150;3
3171;151;3
3171;152;3
3171;153;2
3171;154;1032
3171;155;8
3171;156;1120
3171;160;2
3171;163;1040
3172;162;35
3172;129;48
3172;130;79
3172;131;35
3172;132;61
3172;133;13
3172;137;1
3172;138;11
3172;139;17
3172;140;30
3172;141;17
3172;142;26
3172;144;4
3172;145;1
3172;146;2
3172;147;1
3172;148;6
3172;135;5
3172;164;6
3172;165;5
3172;166;6
3172;136;2.772589
3172;149;3
3172;150;5
3172;151;4
3172;152;5
3172;153;2
3172;154;1044
3172;155;4
3172;156;120
3172;160;2
3172;163;1048
3173;162;85
3173;129;96
3173;130;192
3173;131;55
3173;132;170
3173;133;18
3173;137;2
3173;138;16
3173;139;44
3173;140;55
3173;141;34
3173;142;64
3173;143;2
3173;144;21
3173;145;15
3173;146;8
3173;147;3
3173;148;6
3173;134;1
3173;135;24
3173;164;27
3173;165;24
3173;166;27
3173;136;7.560081
3173;149;3
3173;150;38
3173;151;25
3173;152;5
3173;153;2
3173;154;40
3173;155;8
3173;156;245
3173;160;2
3173;161;1
3173;163;48
3174;7;1226
3181;7;128
3174;39;153
3174;12;17305
3174;40;51
3174;18;4
3174;13;429
3174;11;227
3174;15;2
3174;14;14
3174;16;2
3174;44;899238656
3181;39;7
3181;12;49
3181;13;1
3181;11;1
3181;44;1450476288
3174;47;0.000001
3174;8;1
3174;10;7
3174;19;22
3174;20;21
3174;21;140
3174;22;12
3174;23;6
3174;25;1737
3174;26;2279
3174;27;123
3174;28;112
3174;29;101
3174;30;463
3174;31;783
3174;32;98
3174;33;673
3174;35;21
3174;24;45.227173
3174;34;1
3174;38;1005.474487
3174;41;391
3174;42;8
3174;43;18
3198;84;7
3198;65;7
3198;68;5
3198;72;5
3198;78;2
3198;79;1
3198;81;20
3223;162;3
3223;129;81
3223;146;1
3223;135;1
3223;164;1
3223;165;1
3223;166;1
3223;155;0
3223;163;0
3224;162;14
3224;129;24
3224;130;19
3224;131;17
3224;132;30
3224;133;5
3224;137;1
3224;138;2
3224;139;2
3224;140;1
3224;141;10
3224;142;10
3224;146;1
3224;147;1
3224;135;1
3224;164;1
3224;165;1
3224;166;1
3224;153;3
3224;155;4
3224;156;4
3224;160;3
3224;163;4
3225;162;11
3225;129;14
3225;130;35
3225;131;18
3225;132;40
3225;133;8
3225;137;1
3225;141;9
3225;142;13
3225;143;3
3225;146;2
3225;147;1
3225;148;1
3225;135;4
3225;164;4
3225;165;4
3225;166;4
3225;136;2.079442
3225;149;2
3225;150;3
3225;151;3
3225;152;1
3225;154;4
3225;155;4
3225;163;8
3226;162;18
3226;129;24
3226;130;56
3226;131;11
3226;132;86
3226;133;14
3226;137;3
3226;141;5
3226;142;11
3226;143;1
3226;144;2
3226;146;3
3226;147;2
3226;148;2
3226;135;4
3226;164;9
3226;165;4
3226;166;5
3226;136;1.609438
3226;149;3
3226;150;3
3226;151;4
3226;152;2
3226;154;8
3226;155;12
3226;163;20
3227;162;56
3227;129;78
3227;130;128
3227;131;38
3227;132;139
3227;133;21
3227;137;2
3227;141;28
3227;142;56
3227;143;6
3227;144;7
3227;146;4
3227;147;2
3227;148;13
3227;134;1
3227;135;14
3227;164;14
3227;165;14
3227;166;14
3227;136;5.863631
3227;149;4
3227;150;13
3227;151;16
3227;152;12
3227;154;50
3227;155;8
3227;163;58
3228;162;21
3228;129;33
3228;130;31
3228;131;14
3228;132;26
3228;133;11
3228;137;3
3228;138;1
3228;139;1
3228;140;2
3228;141;7
3228;142;16
3228;143;2
3228;144;1
3228;146;3
3228;147;1
3228;148;5
3228;135;4
3228;164;4
3228;165;4
3228;166;4
3228;136;1.791760
3228;149;2
3228;150;3
3228;151;4
3228;152;5
3228;154;46
3228;155;12
3228;156;8
3228;163;58
3229;162;44
3229;129;83
3229;130;130
3229;131;32
3229;132;157
3229;133;21
3229;137;2
3229;138;3
3229;139;5
3229;140;14
3229;141;29
3229;142;41
3229;143;4
3229;144;2
3229;145;1
3229;146;3
3229;147;1
3229;148;7
3229;135;9
3229;164;9
3229;165;9
3229;166;9
3229;136;3.583519
3229;149;12
3229;150;7
3229;151;6
3229;152;6
3229;154;28
3229;155;8
3229;156;56
3229;163;36
3230;162;38
3230;129;40
3230;130;71
3230;131;27
3230;132;69
3230;133;16
3230;137;3
3230;141;15
3230;142;32
3230;143;1
3230;144;8
3230;145;6
3230;146;6
3230;147;3
3230;148;7
3230;135;10
3230;164;11
3230;165;10
3230;166;11
3230;136;3.526361
3230;149;3
3230;150;15
3230;151;10
3230;152;7
3230;154;28
3230;155;12
3230;163;40
3231;162;40
3231;129;46
3231;130;359
3231;131;36
3231;132;507
3231;133;25
3231;137;3
3231;141;99
3231;142;141
3231;143;2
3231;144;16
3231;145;14
3231;146;6
3231;147;4
3231;148;23
3231;135;19
3231;164;20
3231;165;11
3231;166;12
3231;136;4.955827
3231;149;8
3231;150;32
3231;151;19
3231;152;23
3231;154;92
3231;155;12
3231;163;48
3232;162;14
3232;129;29
3232;130;32
3232;131;21
3232;132;34
3232;133;15
3232;137;1
3232;138;2
3232;139;3
3232;140;8
3232;141;6
3232;142;11
3232;143;1
3232;144;1
3232;146;3
3232;147;1
3232;148;1
3232;134;1
3232;135;3
3232;164;3
3232;165;3
3232;166;3
3232;136;1.098612
3232;149;3
3232;150;2
3232;151;4
3232;152;1
3232;153;1
3232;154;4
3232;155;4
3232;156;32
3232;163;8
3233;162;21
3233;129;25
3233;130;167
3233;131;27
3233;132;227
3233;133;16
3233;137;4
3233;138;1
3233;139;2
3233;140;6
3233;141;54
3233;142;68
3233;143;1
3233;144;4
3233;145;4
3233;146;3
3233;147;1
3233;148;9
3233;135;6
3233;164;6
3233;165;2
3233;166;2
3233;136;3.178054
3233;149;8
3233;150;9
3233;151;5
3233;152;9
3233;153;2
3233;154;36
3233;155;16
3233;156;24
3233;163;28
3234;162;9
3234;129;13
3234;130;45
3234;131;19
3234;132;58
3234;133;15
3234;137;4
3234;138;1
3234;139;1
3234;140;4
3234;141;12
3234;142;15
3234;144;1
3234;145;1
3234;146;2
3234;147;1
3234;148;2
3234;135;2
3234;164;2
3234;165;1
3234;166;1
3234;136;0.693147
3234;149;8
3234;150;2
3234;151;1
3234;152;2
3234;154;8
3234;155;16
3234;156;16
3234;163;24
3235;162;5
3235;129;5
3235;130;2
3235;131;2
3235;132;1
3235;133;1
3235;137;1
3235;138;1
3235;139;1
3235;140;1
3235;141;1
3235;142;1
3235;146;1
3235;147;1
3235;135;1
3235;164;1
3235;165;1
3235;166;1
3235;155;4
3235;156;4
3235;163;4
3236;162;7
3236;129;10
3236;130;77
3236;131;19
3236;132;112
3236;133;15
3236;137;1
3236;138;1
3236;139;1
3236;140;1
3236;141;23
3236;142;29
3236;144;2
3236;145;2
3236;146;2
3236;147;1
3236;148;4
3236;135;3
3236;164;3
3236;165;1
3236;166;1
3236;136;1.386294
3236;149;8
3236;150;4
3236;151;2
3236;152;4
3236;153;3
3236;154;16
3236;155;4
3236;156;4
3236;163;12
3237;162;44
3237;129;98
3237;130;155
3237;131;45
3237;132;180
3237;133;22
3237;137;4
3237;138;8
3237;139;10
3237;140;22
3237;141;42
3237;142;56
3237;144;8
3237;145;5
3237;146;4
3237;147;2
3237;148;7
3237;135;9
3237;164;11
3237;165;7
3237;166;9
3237;136;3.912023
3237;149;8
3237;150;13
3237;151;8
3237;152;6
3237;153;2
3237;154;28
3237;155;16
3237;156;88
3237;160;2
3237;163;36
3238;162;18
3238;129;46
3238;130;31
3238;131;18
3238;132;48
3238;133;14
3238;137;3
3238;141;8
3238;142;10
3238;144;1
3238;145;1
3238;146;2
3238;147;1
3238;134;1
3238;135;3
3238;164;3
3238;165;2
3238;166;2
3238;136;0.693147
3238;149;5
3238;150;2
3238;151;2
3238;153;3
3238;155;12
3238;163;12
3239;162;38
3239;129;46
3239;130;270
3239;131;33
3239;132;378
3239;133;21
3239;137;3
3239;141;78
3239;142;106
3239;143;1
3239;144;10
3239;145;7
3239;146;5
3239;147;3
3239;148;17
3239;135;13
3239;164;13
3239;165;6
3239;166;6
3239;136;4.382027
3239;149;8
3239;150;18
3239;151;11
3239;152;17
3239;153;7
3239;154;68
3239;155;12
3239;163;40
3240;162;16
3240;129;28
3240;130;34
3240;131;15
3240;132;39
3240;133;14
3240;137;1
3240;141;2
3240;142;13
3240;143;2
3240;144;3
3240;146;3
3240;147;2
3240;148;2
3240;134;4
3240;135;6
3240;164;9
3240;165;6
3240;166;9
3240;136;2.197225
3240;149;1
3240;150;5
3240;151;9
3240;152;2
3240;154;8
3240;155;4
3240;163;12
3241;162;11
3241;129;11
3241;130;12
3241;131;5
3241;132;8
3241;133;8
3241;137;2
3241;141;2
3241;142;5
3241;143;1
3241;146;2
3241;147;2
3241;148;1
3241;134;1
3241;135;2
3241;164;2
3241;165;2
3241;166;2
3241;136;0.693147
3241;149;2
3241;150;1
3241;151;2
3241;152;1
3241;154;4
3241;155;8
3241;163;12
3242;162;13
3242;129;13
3242;130;27
3242;131;9
3242;132;43
3242;133;12
3242;137;1
3242;141;11
3242;142;13
3242;144;2
3242;145;1
3242;146;3
3242;147;2
3242;135;3
3242;164;3
3242;165;3
3242;166;3
3242;136;1.098612
3242;149;7
3242;150;3
3242;151;2
3242;155;4
3242;163;4
3243;162;11
3243;129;14
3243;130;23
3243;131;8
3243;132;39
3243;133;9
3243;137;1
3243;141;9
3243;142;11
3243;144;2
3243;145;1
3243;146;3
3243;147;2
3243;135;3
3243;164;3
3243;165;3
3243;166;3
3243;136;1.098612
3243;149;5
3243;150;3
3243;151;2
3243;155;4
3243;163;4
3244;162;15
3244;129;22
3244;130;33
3244;131;9
3244;132;58
3244;133;12
3244;137;4
3244;138;1
3244;139;1
3244;140;1
3244;141;13
3244;142;15
3244;143;1
3244;144;1
3244;146;2
3244;147;1
3244;135;3
3244;164;3
3244;165;3
3244;166;3
3244;136;1.386294
3244;149;10
3244;150;2
3244;151;2
3244;155;16
3244;156;4
3244;163;16
3181;47;0.000001
3181;10;6
3181;34;0.062973
3181;41;2276
3245;7;59
3245;39;9
3245;12;1018
3245;18;1
3245;13;19
3245;11;4
3245;15;1
3245;14;1
3245;44;3396176896
3245;47;0.000001
3245;19;1
3245;20;3
3245;21;5
3245;22;3
3245;23;3
3245;25;56
3245;26;59
3245;27;6
3245;28;11
3245;29;2
3245;30;11
3245;31;36
3245;32;2
3245;33;24
3245;24;1.791760
3245;34;0.394885
3245;38;599.087158
3245;42;6
3245;43;11
3247;162;29
3247;129;36
3247;130;56
3247;131;24
3247;132;59
3247;133;13
3247;137;4
3247;138;3
3247;139;4
3247;140;7
3247;141;11
3247;142;24
3247;144;5
3247;146;3
3247;147;1
3247;148;2
3247;134;6
3247;135;6
3247;164;8
3247;165;6
3247;166;8
3247;136;1.791760
3247;149;3
3247;150;5
3247;151;11
3247;152;2
3247;154;60
3247;155;16
3247;156;28
3247;163;76
3248;7;324
3248;39;48
3248;12;1892
3248;40;61
3248;18;2
3248;13;56
3248;11;37
3248;15;2
3248;14;6
3248;44;2989076224
3248;47;0.000001
3248;8;1
3248;10;1
3248;19;5
3248;20;3
3248;21;18
3248;22;1
3248;23;2
3248;25;77
3248;26;48
3248;27;20
3248;28;23
3248;29;1
3248;30;15
3248;31;107
3248;32;1
3248;33;55
3248;35;1
3248;24;6.931472
3248;34;0.989847
3248;38;94.977257
3248;41;40
3248;42;7
3248;43;27
3250;84;1
3250;65;1
3250;68;1
3250;72;1
3250;81;4
3253;162;4
3253;129;4
3253;130;1
3253;131;1
3253;142;1
3253;146;1
3253;134;1
3253;135;1
3253;164;1
3253;165;1
3253;166;1
3253;151;1
3253;155;0
3253;163;0
3254;162;30
3254;129;82
3254;130;56
3254;131;10
3254;132;34
3254;133;6
3254;141;13
3254;142;47
3254;144;4
3254;145;12
3254;146;2
3254;147;1
3254;148;1
3254;134;1
3254;135;13
3254;164;13
3254;165;13
3254;166;13
3254;136;5.545177
3254;149;1
3254;150;16
3254;151;17
3254;152;1
3254;154;4
3254;155;0
3254;163;4
3255;162;5
3255;129;5
3255;130;3
3255;131;3
3255;132;3
3255;133;3
3255;137;1
3255;142;1
3255;146;1
3255;134;1
3255;135;1
3255;164;1
3255;165;1
3255;166;1
3255;151;1
3255;153;1
3255;155;4
3255;163;4
3256;162;9
3256;129;9
3256;130;14
3256;131;6
3256;132;10
3256;133;8
3256;137;3
3256;138;2
3256;139;2
3256;140;3
3256;141;1
3256;142;3
3256;144;1
3256;146;2
3256;147;2
3256;134;1
3256;135;3
3256;164;3
3256;165;3
3256;166;3
3256;136;0.693147
3256;149;1
3256;150;1
3256;151;2
3256;155;12
3256;156;12
3256;163;12
3257;162;7
3257;129;7
3257;130;3
3257;131;3
3257;132;1
3257;133;1
3257;137;2
3257;138;1
3257;139;1
3257;140;1
3257;141;1
3257;142;3
3257;144;1
3257;146;2
3257;147;1
3257;134;1
3257;135;2
3257;164;2
3257;165;2
3257;166;2
3257;136;0.693147
3257;149;1
3257;150;1
3257;151;2
3257;155;8
3257;156;4
3257;163;8
3012;45;70
39;45;12
3015;45;84
37;45;161
3014;45;1
1318;45;5
1374;45;147
1382;45;250
2972;45;404
3153;45;195
2070;45;90
2046;45;435
2623;45;28
3149;45;173
1307;45;6
2950;45;375
1113;45;2
57;45;51
2992;45;333
3007;45;376
2042;45;166
28;45;93
2295;45;26
2661;45;148
34;45;9
2252;45;397
3174;45;507
3181;45;120
3248;45;67
3245;45;29
2069;45;1123
2035;45;42
2254;45;269
2622;45;9
3115;45;959
3111;45;214
3008;45;13
